g1 0.99 0.81 0.82 0.83 0.85 0.8 0.79 0.84 0.8 0.81 0.81 0.82 0.78 0.79 0.74 0.81 0.74 0.77 0.78 0.77 0.84 0.86 0.86 0.82 0.8 0.81 0.81 0.8 0.82 0.81 0.8 0.82 0.83 0.84 0.87 0.87 0.8 0.79 0.82 0.75 0.8 0.82 0.84 0.85 0.8 0.84 0.74 0.74 0.78 0.75 0.79 0.79 0.75 0.77 0.79 0.81 0.82 0.86 0.8 0.79 0.81 0.82 0.8 0.81 0.81 0.8 0.82 0.84 0.73 0.71 0.73 0.78 0.78
g2 0.81 0.96 0.86 0.84 0.9 0.81 0.77 0.86 0.83 0.86 0.84 0.83 0.81 0.83 0.8 0.83 0.75 0.76 0.74 0.74 0.82 0.87 0.85 0.77 0.78 0.77 0.77 0.77 0.83 0.83 0.84 0.76 0.79 0.77 0.81 0.81 0.79 0.77 0.85 0.79 0.8 0.85 0.83 0.82 0.77 0.86 0.73 0.77 0.78 0.77 0.78 0.78 0.76 0.76 0.77 0.83 0.81 0.82 0.8 0.79 0.84 0.83 0.81 0.81 0.84 0.82 0.81 0.83 0.72 0.7 0.7 0.74 0.76
g3 0.82 0.86 0.96 0.86 0.9 0.8 0.79 0.86 0.82 0.85 0.83 0.86 0.81 0.84 0.81 0.84 0.77 0.78 0.76 0.77 0.82 0.89 0.85 0.78 0.79 0.79 0.77 0.79 0.83 0.82 0.82 0.79 0.81 0.78 0.82 0.81 0.8 0.77 0.83 0.77 0.81 0.86 0.85 0.84 0.79 0.85 0.72 0.76 0.81 0.79 0.77 0.78 0.74 0.76 0.78 0.85 0.8 0.85 0.83 0.79 0.84 0.83 0.81 0.8 0.83 0.8 0.83 0.85 0.71 0.69 0.71 0.75 0.75
g4 0.83 0.84 0.86 0.96 0.88 0.8 0.8 0.85 0.8 0.83 0.83 0.84 0.8 0.83 0.79 0.82 0.75 0.76 0.77 0.75 0.85 0.89 0.87 0.79 0.81 0.8 0.8 0.8 0.82 0.81 0.8 0.77 0.8 0.79 0.82 0.83 0.81 0.78 0.81 0.76 0.78 0.84 0.82 0.85 0.8 0.86 0.74 0.74 0.8 0.76 0.79 0.8 0.76 0.77 0.79 0.84 0.8 0.84 0.82 0.81 0.82 0.83 0.81 0.79 0.85 0.8 0.82 0.85 0.74 0.71 0.73 0.76 0.77
g5 0.85 0.9 0.9 0.88 0.99 0.85 0.81 0.89 0.88 0.91 0.87 0.86 0.82 0.86 0.82 0.86 0.8 0.8 0.78 0.79 0.87 0.91 0.91 0.82 0.83 0.81 0.82 0.81 0.88 0.87 0.87 0.79 0.83 0.8 0.84 0.84 0.83 0.79 0.88 0.83 0.84 0.89 0.88 0.87 0.83 0.89 0.76 0.81 0.84 0.81 0.81 0.82 0.78 0.8 0.82 0.87 0.83 0.86 0.86 0.81 0.87 0.86 0.83 0.85 0.88 0.86 0.86 0.86 0.74 0.71 0.72 0.77 0.78
g6 0.8 0.81 0.8 0.8 0.85 0.95 0.92 0.82 0.78 0.84 0.83 0.77 0.77 0.78 0.74 0.79 0.75 0.75 0.74 0.76 0.82 0.83 0.84 0.79 0.79 0.78 0.79 0.76 0.8 0.81 0.79 0.76 0.78 0.78 0.81 0.81 0.79 0.79 0.82 0.75 0.81 0.79 0.8 0.83 0.8 0.82 0.73 0.76 0.79 0.78 0.77 0.78 0.8 0.77 0.78 0.79 0.81 0.8 0.81 0.78 0.83 0.81 0.78 0.82 0.81 0.82 0.85 0.8 0.78 0.74 0.75 0.76 0.74
g7 0.79 0.77 0.79 0.8 0.81 0.92 0.96 0.78 0.77 0.8 0.81 0.77 0.76 0.76 0.71 0.77 0.73 0.75 0.75 0.76 0.8 0.8 0.81 0.79 0.78 0.77 0.78 0.76 0.78 0.79 0.77 0.76 0.8 0.79 0.81 0.82 0.78 0.8 0.79 0.73 0.78 0.77 0.79 0.82 0.8 0.81 0.75 0.74 0.79 0.76 0.76 0.77 0.77 0.77 0.76 0.77 0.79 0.79 0.8 0.77 0.8 0.77 0.79 0.79 0.81 0.78 0.82 0.8 0.79 0.77 0.76 0.77 0.75
g8 0.84 0.86 0.86 0.85 0.89 0.82 0.78 0.94 0.81 0.84 0.83 0.82 0.8 0.82 0.78 0.82 0.75 0.76 0.76 0.76 0.84 0.88 0.87 0.78 0.8 0.79 0.79 0.78 0.83 0.83 0.82 0.76 0.8 0.77 0.82 0.81 0.79 0.76 0.83 0.77 0.79 0.84 0.83 0.85 0.79 0.87 0.73 0.76 0.8 0.76 0.79 0.79 0.76 0.77 0.79 0.83 0.81 0.84 0.81 0.79 0.83 0.85 0.81 0.81 0.85 0.83 0.82 0.84 0.72 0.69 0.72 0.75 0.78
g9 0.8 0.83 0.82 0.8 0.88 0.78 0.77 0.81 0.97 0.91 0.85 0.79 0.8 0.84 0.79 0.84 0.8 0.82 0.79 0.8 0.85 0.83 0.86 0.81 0.84 0.82 0.82 0.81 0.89 0.92 0.93 0.76 0.77 0.79 0.82 0.82 0.81 0.78 0.91 0.93 0.8 0.81 0.82 0.82 0.8 0.82 0.87 0.92 0.83 0.82 0.81 0.83 0.78 0.79 0.8 0.81 0.82 0.81 0.8 0.79 0.84 0.82 0.78 0.81 0.81 0.83 0.82 0.79 0.72 0.7 0.72 0.76 0.83
g10 0.81 0.86 0.85 0.83 0.91 0.84 0.8 0.84 0.91 0.97 0.87 0.82 0.82 0.83 0.8 0.85 0.81 0.82 0.79 0.8 0.87 0.87 0.89 0.81 0.84 0.82 0.82 0.82 0.89 0.92 0.9 0.76 0.78 0.8 0.83 0.84 0.81 0.79 0.91 0.88 0.82 0.85 0.86 0.84 0.8 0.85 0.8 0.86 0.82 0.82 0.83 0.83 0.77 0.79 0.81 0.82 0.83 0.83 0.82 0.81 0.89 0.84 0.8 0.82 0.83 0.84 0.86 0.83 0.73 0.71 0.72 0.77 0.79
g11 0.81 0.84 0.83 0.83 0.87 0.83 0.81 0.83 0.85 0.87 0.94 0.81 0.8 0.82 0.79 0.84 0.78 0.8 0.8 0.81 0.86 0.86 0.86 0.83 0.84 0.82 0.83 0.82 0.82 0.84 0.83 0.77 0.77 0.81 0.83 0.84 0.91 0.9 0.83 0.8 0.8 0.83 0.83 0.91 0.92 0.9 0.82 0.84 0.83 0.8 0.84 0.84 0.81 0.81 0.81 0.81 0.81 0.83 0.81 0.8 0.83 0.83 0.8 0.81 0.83 0.84 0.84 0.82 0.74 0.75 0.74 0.78 0.79
g12 0.82 0.83 0.86 0.84 0.86 0.77 0.77 0.82 0.79 0.82 0.81 0.96 0.81 0.82 0.81 0.84 0.76 0.76 0.76 0.76 0.81 0.86 0.82 0.77 0.78 0.77 0.77 0.78 0.83 0.81 0.8 0.78 0.8 0.78 0.82 0.82 0.79 0.77 0.8 0.74 0.76 0.82 0.81 0.83 0.79 0.84 0.71 0.74 0.79 0.78 0.77 0.77 0.74 0.75 0.76 0.85 0.8 0.85 0.83 0.79 0.8 0.81 0.8 0.77 0.81 0.76 0.79 0.84 0.71 0.7 0.71 0.74 0.74
g13 0.78 0.81 0.81 0.8 0.82 0.77 0.76 0.8 0.8 0.82 0.8 0.81 0.91 0.86 0.78 0.85 0.75 0.74 0.73 0.74 0.78 0.82 0.8 0.74 0.76 0.75 0.76 0.75 0.83 0.81 0.81 0.77 0.77 0.75 0.78 0.78 0.77 0.74 0.81 0.79 0.76 0.78 0.78 0.8 0.76 0.81 0.75 0.76 0.78 0.76 0.75 0.75 0.74 0.76 0.75 0.79 0.8 0.78 0.8 0.79 0.79 0.8 0.76 0.76 0.79 0.77 0.78 0.79 0.73 0.71 0.71 0.72 0.74
g14 0.79 0.83 0.84 0.83 0.86 0.78 0.76 0.82 0.84 0.83 0.82 0.82 0.86 0.93 0.78 0.83 0.76 0.76 0.75 0.74 0.81 0.85 0.83 0.76 0.78 0.77 0.77 0.77 0.82 0.82 0.84 0.77 0.8 0.76 0.79 0.79 0.78 0.75 0.84 0.82 0.78 0.82 0.8 0.81 0.77 0.83 0.78 0.8 0.81 0.76 0.76 0.76 0.75 0.77 0.77 0.82 0.77 0.79 0.8 0.77 0.79 0.81 0.79 0.78 0.82 0.79 0.79 0.81 0.72 0.7 0.71 0.73 0.76
g15 0.74 0.8 0.81 0.79 0.82 0.74 0.71 0.78 0.79 0.8 0.79 0.81 0.78 0.78 0.95 0.85 0.75 0.74 0.73 0.73 0.78 0.81 0.81 0.74 0.77 0.76 0.76 0.76 0.78 0.78 0.78 0.72 0.72 0.73 0.75 0.77 0.76 0.73 0.79 0.78 0.76 0.8 0.78 0.78 0.75 0.78 0.73 0.75 0.77 0.76 0.76 0.75 0.74 0.75 0.76 0.78 0.75 0.76 0.76 0.75 0.8 0.8 0.76 0.75 0.76 0.75 0.77 0.78 0.7 0.69 0.68 0.71 0.73
g16 0.81 0.83 0.84 0.82 0.86 0.79 0.77 0.82 0.84 0.85 0.84 0.84 0.85 0.83 0.85 0.95 0.78 0.78 0.76 0.76 0.82 0.85 0.84 0.77 0.81 0.8 0.79 0.8 0.85 0.84 0.83 0.77 0.77 0.78 0.81 0.82 0.8 0.78 0.84 0.8 0.79 0.83 0.83 0.84 0.79 0.83 0.75 0.78 0.81 0.8 0.79 0.8 0.75 0.77 0.78 0.82 0.81 0.82 0.82 0.81 0.83 0.83 0.79 0.77 0.81 0.79 0.81 0.81 0.73 0.72 0.71 0.74 0.77
g17 0.74 0.75 0.77 0.75 0.8 0.75 0.73 0.75 0.8 0.81 0.78 0.76 0.75 0.76 0.75 0.78 0.96 0.82 0.8 0.8 0.76 0.77 0.77 0.76 0.77 0.77 0.76 0.76 0.81 0.81 0.8 0.72 0.73 0.75 0.75 0.75 0.76 0.74 0.8 0.76 0.76 0.78 0.79 0.76 0.75 0.76 0.75 0.8 0.78 0.85 0.76 0.77 0.73 0.75 0.74 0.75 0.76 0.76 0.77 0.74 0.79 0.76 0.74 0.73 0.74 0.75 0.78 0.75 0.73 0.69 0.71 0.72 0.73
g18 0.77 0.76 0.78 0.76 0.8 0.75 0.75 0.76 0.82 0.82 0.8 0.76 0.74 0.76 0.74 0.78 0.82 0.96 0.91 0.87 0.78 0.78 0.78 0.82 0.85 0.85 0.82 0.83 0.79 0.81 0.8 0.76 0.75 0.87 0.84 0.82 0.76 0.75 0.79 0.77 0.77 0.87 0.86 0.78 0.76 0.77 0.75 0.79 0.79 0.84 0.76 0.78 0.72 0.76 0.75 0.77 0.77 0.78 0.77 0.74 0.8 0.78 0.77 0.75 0.76 0.77 0.8 0.77 0.72 0.69 0.73 0.81 0.77
g19 0.78 0.74 0.76 0.77 0.78 0.74 0.75 0.76 0.79 0.79 0.8 0.76 0.73 0.75 0.73 0.76 0.8 0.91 0.97 0.89 0.8 0.78 0.81 0.84 0.88 0.88 0.85 0.86 0.78 0.79 0.78 0.75 0.75 0.87 0.83 0.84 0.77 0.78 0.77 0.75 0.74 0.85 0.84 0.8 0.78 0.8 0.77 0.77 0.78 0.82 0.79 0.81 0.75 0.77 0.78 0.77 0.75 0.79 0.74 0.74 0.77 0.78 0.78 0.74 0.76 0.75 0.78 0.79 0.72 0.7 0.74 0.82 0.79
g20 0.77 0.74 0.77 0.75 0.79 0.76 0.76 0.76 0.8 0.8 0.81 0.76 0.74 0.74 0.73 0.76 0.8 0.87 0.89 0.96 0.79 0.78 0.79 0.85 0.84 0.82 0.85 0.83 0.77 0.79 0.78 0.74 0.74 0.86 0.85 0.84 0.79 0.78 0.76 0.76 0.76 0.81 0.83 0.8 0.79 0.78 0.76 0.78 0.8 0.82 0.77 0.78 0.77 0.78 0.78 0.77 0.76 0.8 0.75 0.74 0.77 0.77 0.76 0.75 0.76 0.78 0.81 0.78 0.72 0.7 0.74 0.83 0.77
g21 0.84 0.82 0.82 0.85 0.87 0.82 0.8 0.84 0.85 0.87 0.86 0.81 0.78 0.81 0.78 0.82 0.76 0.78 0.8 0.79 0.97 0.9 0.96 0.87 0.9 0.88 0.88 0.89 0.85 0.85 0.84 0.77 0.79 0.82 0.84 0.85 0.84 0.81 0.84 0.81 0.8 0.82 0.81 0.85 0.83 0.87 0.78 0.79 0.81 0.78 0.89 0.89 0.84 0.84 0.89 0.83 0.82 0.83 0.82 0.8 0.85 0.84 0.82 0.82 0.84 0.83 0.84 0.84 0.75 0.73 0.72 0.79 0.83
g22 0.86 0.87 0.89 0.89 0.91 0.83 0.8 0.88 0.83 0.87 0.86 0.86 0.82 0.85 0.81 0.85 0.77 0.78 0.78 0.78 0.9 0.97 0.92 0.84 0.85 0.84 0.85 0.85 0.85 0.84 0.84 0.79 0.82 0.82 0.85 0.85 0.84 0.81 0.85 0.78 0.81 0.87 0.85 0.87 0.83 0.9 0.75 0.78 0.82 0.78 0.84 0.85 0.81 0.81 0.85 0.86 0.83 0.87 0.84 0.82 0.85 0.87 0.83 0.82 0.86 0.83 0.85 0.89 0.73 0.71 0.73 0.77 0.77
g23 0.86 0.85 0.85 0.87 0.91 0.84 0.81 0.87 0.86 0.89 0.86 0.82 0.8 0.83 0.81 0.84 0.77 0.78 0.81 0.79 0.96 0.92 0.99 0.86 0.89 0.87 0.88 0.88 0.86 0.86 0.84 0.78 0.81 0.81 0.84 0.85 0.83 0.81 0.86 0.81 0.81 0.84 0.83 0.86 0.83 0.89 0.78 0.79 0.82 0.78 0.87 0.88 0.82 0.84 0.89 0.83 0.82 0.85 0.82 0.8 0.86 0.86 0.84 0.83 0.86 0.85 0.85 0.86 0.75 0.73 0.74 0.79 0.83
g24 0.82 0.77 0.78 0.79 0.82 0.79 0.79 0.78 0.81 0.81 0.83 0.77 0.74 0.76 0.74 0.77 0.76 0.82 0.84 0.85 0.87 0.84 0.86 0.97 0.91 0.87 0.92 0.88 0.8 0.8 0.79 0.75 0.75 0.89 0.87 0.88 0.81 0.81 0.78 0.76 0.77 0.83 0.83 0.83 0.82 0.82 0.76 0.78 0.79 0.76 0.83 0.85 0.82 0.82 0.85 0.78 0.81 0.81 0.78 0.75 0.79 0.79 0.79 0.78 0.78 0.8 0.82 0.8 0.74 0.73 0.74 0.87 0.79
g25 0.8 0.78 0.79 0.81 0.83 0.79 0.78 0.8 0.84 0.84 0.84 0.78 0.76 0.78 0.77 0.81 0.77 0.85 0.88 0.84 0.9 0.85 0.89 0.91 0.97 0.93 0.94 0.91 0.83 0.83 0.81 0.76 0.76 0.87 0.85 0.86 0.83 0.82 0.81 0.8 0.76 0.84 0.83 0.83 0.82 0.84 0.8 0.81 0.8 0.79 0.87 0.89 0.82 0.82 0.87 0.8 0.78 0.81 0.79 0.77 0.81 0.82 0.8 0.78 0.79 0.79 0.8 0.81 0.75 0.73 0.73 0.83 0.83
g26 0.81 0.77 0.79 0.8 0.81 0.78 0.77 0.79 0.82 0.82 0.82 0.77 0.75 0.77 0.76 0.8 0.77 0.85 0.88 0.82 0.88 0.84 0.87 0.87 0.93 0.98 0.9 0.92 0.82 0.81 0.8 0.76 0.76 0.86 0.84 0.85 0.81 0.8 0.8 0.78 0.76 0.86 0.83 0.82 0.81 0.83 0.78 0.8 0.78 0.78 0.87 0.88 0.8 0.81 0.87 0.79 0.77 0.81 0.77 0.76 0.81 0.81 0.79 0.77 0.78 0.77 0.79 0.8 0.74 0.71 0.74 0.81 0.82
g27 0.81 0.77 0.77 0.8 0.82 0.79 0.78 0.79 0.82 0.82 0.83 0.77 0.76 0.77 0.76 0.79 0.76 0.82 0.85 0.85 0.88 0.85 0.88 0.92 0.94 0.9 0.95 0.9 0.82 0.81 0.8 0.75 0.75 0.88 0.85 0.88 0.83 0.81 0.79 0.78 0.75 0.83 0.82 0.83 0.82 0.83 0.79 0.8 0.81 0.77 0.86 0.87 0.82 0.83 0.88 0.79 0.79 0.81 0.79 0.77 0.79 0.81 0.8 0.78 0.79 0.79 0.8 0.81 0.76 0.73 0.74 0.84 0.81
g28 0.8 0.77 0.79 0.8 0.81 0.76 0.76 0.78 0.81 0.82 0.82 0.78 0.75 0.77 0.76 0.8 0.76 0.83 0.86 0.83 0.89 0.85 0.88 0.88 0.91 0.92 0.9 0.97 0.8 0.8 0.79 0.75 0.76 0.86 0.83 0.84 0.82 0.81 0.78 0.78 0.75 0.85 0.83 0.81 0.81 0.83 0.77 0.79 0.78 0.76 0.88 0.88 0.81 0.83 0.86 0.78 0.77 0.8 0.78 0.76 0.8 0.8 0.8 0.77 0.79 0.78 0.79 0.81 0.73 0.71 0.73 0.81 0.81
g29 0.82 0.83 0.83 0.82 0.88 0.8 0.78 0.83 0.89 0.89 0.82 0.83 0.83 0.82 0.78 0.85 0.81 0.79 0.78 0.77 0.85 0.85 0.86 0.8 0.83 0.82 0.82 0.8 0.96 0.92 0.91 0.78 0.8 0.8 0.83 0.83 0.83 0.79 0.89 0.86 0.79 0.82 0.82 0.83 0.79 0.84 0.83 0.85 0.83 0.82 0.81 0.83 0.76 0.78 0.81 0.83 0.82 0.83 0.83 0.82 0.84 0.84 0.8 0.8 0.82 0.8 0.82 0.81 0.74 0.71 0.71 0.76 0.79
g30 0.81 0.83 0.82 0.81 0.87 0.81 0.79 0.83 0.92 0.92 0.84 0.81 0.81 0.82 0.78 0.84 0.81 0.81 0.79 0.79 0.85 0.84 0.86 0.8 0.83 0.81 0.81 0.8 0.92 0.96 0.94 0.77 0.78 0.8 0.84 0.85 0.82 0.79 0.92 0.87 0.79 0.82 0.83 0.83 0.79 0.82 0.85 0.89 0.81 0.82 0.81 0.82 0.76 0.77 0.79 0.81 0.83 0.82 0.83 0.82 0.85 0.82 0.8 0.8 0.82 0.82 0.83 0.8 0.75 0.71 0.71 0.77 0.81
g31 0.8 0.84 0.82 0.8 0.87 0.79 0.77 0.82 0.93 0.9 0.83 0.8 0.81 0.84 0.78 0.83 0.8 0.8 0.78 0.78 0.84 0.84 0.84 0.79 0.81 0.8 0.8 0.79 0.91 0.94 0.96 0.77 0.79 0.79 0.81 0.82 0.8 0.77 0.93 0.88 0.79 0.83 0.82 0.82 0.78 0.82 0.86 0.9 0.81 0.81 0.79 0.8 0.75 0.77 0.79 0.81 0.8 0.81 0.81 0.8 0.84 0.83 0.8 0.79 0.82 0.82 0.82 0.79 0.73 0.69 0.71 0.75 0.79
g32 0.82 0.76 0.79 0.77 0.79 0.76 0.76 0.76 0.76 0.76 0.77 0.78 0.77 0.77 0.72 0.77 0.72 0.76 0.75 0.74 0.77 0.79 0.78 0.75 0.76 0.76 0.75 0.75 0.78 0.77 0.77 0.93 0.86 0.78 0.79 0.78 0.77 0.74 0.76 0.72 0.84 0.77 0.79 0.78 0.76 0.77 0.72 0.72 0.78 0.74 0.73 0.73 0.72 0.74 0.74 0.78 0.76 0.81 0.76 0.76 0.76 0.76 0.76 0.75 0.78 0.76 0.76 0.78 0.71 0.7 0.79 0.72 0.73
g33 0.83 0.79 0.81 0.8 0.83 0.78 0.8 0.8 0.77 0.78 0.77 0.8 0.77 0.8 0.72 0.77 0.73 0.75 0.75 0.74 0.79 0.82 0.81 0.75 0.76 0.76 0.75 0.76 0.8 0.78 0.79 0.86 0.97 0.77 0.8 0.79 0.75 0.75 0.79 0.72 0.83 0.79 0.78 0.8 0.76 0.81 0.72 0.72 0.78 0.76 0.74 0.74 0.71 0.76 0.74 0.8 0.77 0.8 0.8 0.77 0.77 0.77 0.79 0.75 0.84 0.77 0.79 0.81 0.73 0.7 0.77 0.73 0.75
g34 0.84 0.77 0.78 0.79 0.8 0.78 0.79 0.77 0.79 0.8 0.81 0.78 0.75 0.76 0.73 0.78 0.75 0.87 0.87 0.86 0.82 0.82 0.81 0.89 0.87 0.86 0.88 0.86 0.8 0.8 0.79 0.78 0.77 0.97 0.92 0.92 0.79 0.8 0.79 0.75 0.77 0.86 0.89 0.82 0.81 0.8 0.75 0.75 0.78 0.75 0.78 0.79 0.76 0.78 0.79 0.79 0.81 0.82 0.78 0.76 0.78 0.79 0.8 0.78 0.78 0.79 0.81 0.82 0.73 0.72 0.75 0.88 0.76
g35 0.87 0.81 0.82 0.82 0.84 0.81 0.81 0.82 0.82 0.83 0.83 0.82 0.78 0.79 0.75 0.81 0.75 0.84 0.83 0.85 0.84 0.85 0.84 0.87 0.85 0.84 0.85 0.83 0.83 0.84 0.81 0.79 0.8 0.92 0.96 0.93 0.83 0.82 0.82 0.77 0.79 0.85 0.88 0.85 0.82 0.84 0.75 0.77 0.8 0.77 0.79 0.8 0.78 0.78 0.79 0.82 0.84 0.86 0.81 0.8 0.81 0.82 0.8 0.81 0.8 0.81 0.84 0.84 0.73 0.73 0.73 0.84 0.77
g36 0.87 0.81 0.81 0.83 0.84 0.81 0.82 0.81 0.82 0.84 0.84 0.82 0.78 0.79 0.77 0.82 0.75 0.82 0.84 0.84 0.85 0.85 0.85 0.88 0.86 0.85 0.88 0.84 0.83 0.85 0.82 0.78 0.79 0.92 0.93 0.97 0.83 0.83 0.83 0.76 0.77 0.86 0.86 0.84 0.82 0.84 0.77 0.77 0.8 0.76 0.8 0.82 0.78 0.78 0.8 0.82 0.85 0.85 0.81 0.81 0.81 0.82 0.82 0.8 0.82 0.82 0.84 0.84 0.74 0.72 0.73 0.84 0.78
g37 0.8 0.79 0.8 0.81 0.83 0.79 0.78 0.79 0.81 0.81 0.91 0.79 0.77 0.78 0.76 0.8 0.76 0.76 0.77 0.79 0.84 0.84 0.83 0.81 0.83 0.81 0.83 0.82 0.83 0.82 0.8 0.77 0.75 0.79 0.83 0.83 0.96 0.93 0.78 0.76 0.76 0.8 0.79 0.86 0.9 0.87 0.81 0.82 0.79 0.77 0.85 0.85 0.81 0.8 0.82 0.8 0.79 0.83 0.81 0.79 0.79 0.8 0.79 0.77 0.8 0.8 0.81 0.79 0.74 0.73 0.71 0.76 0.76
g38 0.79 0.77 0.77 0.78 0.79 0.79 0.8 0.76 0.78 0.79 0.9 0.77 0.74 0.75 0.73 0.78 0.74 0.75 0.78 0.78 0.81 0.81 0.81 0.81 0.82 0.8 0.81 0.81 0.79 0.79 0.77 0.74 0.75 0.8 0.82 0.83 0.93 0.97 0.77 0.75 0.75 0.77 0.77 0.87 0.93 0.87 0.81 0.81 0.77 0.76 0.84 0.83 0.79 0.78 0.79 0.78 0.78 0.81 0.77 0.77 0.76 0.78 0.78 0.76 0.77 0.76 0.79 0.78 0.73 0.74 0.71 0.76 0.75
g39 0.82 0.85 0.83 0.81 0.88 0.82 0.79 0.83 0.91 0.91 0.83 0.8 0.81 0.84 0.79 0.84 0.8 0.79 0.77 0.76 0.84 0.85 0.86 0.78 0.81 0.8 0.79 0.78 0.89 0.92 0.93 0.76 0.79 0.79 0.82 0.83 0.78 0.77 0.97 0.87 0.8 0.82 0.83 0.81 0.76 0.82 0.82 0.87 0.81 0.8 0.79 0.8 0.76 0.76 0.78 0.81 0.83 0.81 0.81 0.8 0.86 0.83 0.8 0.81 0.81 0.82 0.82 0.81 0.73 0.7 0.7 0.74 0.79
g40 0.75 0.79 0.77 0.76 0.83 0.75 0.73 0.77 0.93 0.88 0.8 0.74 0.79 0.82 0.78 0.8 0.76 0.77 0.75 0.76 0.81 0.78 0.81 0.76 0.8 0.78 0.78 0.78 0.86 0.87 0.88 0.72 0.72 0.75 0.77 0.76 0.76 0.75 0.87 0.96 0.76 0.76 0.77 0.78 0.77 0.79 0.87 0.88 0.82 0.78 0.78 0.79 0.75 0.76 0.77 0.77 0.77 0.75 0.76 0.77 0.81 0.82 0.74 0.77 0.76 0.79 0.77 0.75 0.71 0.69 0.68 0.72 0.79
g41 0.8 0.8 0.81 0.78 0.84 0.81 0.78 0.79 0.8 0.82 0.8 0.76 0.76 0.78 0.76 0.79 0.76 0.77 0.74 0.76 0.8 0.81 0.81 0.77 0.76 0.76 0.75 0.75 0.79 0.79 0.79 0.84 0.83 0.77 0.79 0.77 0.76 0.75 0.8 0.76 0.93 0.8 0.8 0.79 0.77 0.78 0.72 0.76 0.8 0.77 0.75 0.75 0.75 0.77 0.76 0.78 0.78 0.8 0.78 0.74 0.82 0.79 0.76 0.8 0.79 0.8 0.81 0.78 0.72 0.71 0.79 0.74 0.73
g42 0.82 0.85 0.86 0.84 0.89 0.79 0.77 0.84 0.81 0.85 0.83 0.82 0.78 0.82 0.8 0.83 0.78 0.87 0.85 0.81 0.82 0.87 0.84 0.83 0.84 0.86 0.83 0.85 0.82 0.82 0.83 0.77 0.79 0.86 0.85 0.86 0.8 0.77 0.82 0.76 0.8 0.97 0.9 0.82 0.78 0.83 0.72 0.77 0.79 0.78 0.78 0.79 0.74 0.75 0.78 0.84 0.79 0.83 0.82 0.79 0.83 0.82 0.82 0.79 0.83 0.79 0.82 0.84 0.71 0.69 0.72 0.81 0.76
g43 0.84 0.83 0.85 0.82 0.88 0.8 0.79 0.83 0.82 0.86 0.83 0.81 0.78 0.8 0.78 0.83 0.79 0.86 0.84 0.83 0.81 0.85 0.83 0.83 0.83 0.83 0.82 0.83 0.82 0.83 0.82 0.79 0.78 0.89 0.88 0.86 0.79 0.77 0.83 0.77 0.8 0.9 0.97 0.84 0.78 0.81 0.73 0.77 0.81 0.78 0.76 0.78 0.74 0.75 0.78 0.82 0.81 0.84 0.81 0.79 0.83 0.82 0.8 0.8 0.8 0.81 0.83 0.83 0.72 0.69 0.73 0.81 0.75
g44 0.85 0.82 0.84 0.85 0.87 0.83 0.82 0.85 0.82 0.84 0.91 0.83 0.8 0.81 0.78 0.84 0.76 0.78 0.8 0.8 0.85 0.87 0.86 0.83 0.83 0.82 0.83 0.81 0.83 0.83 0.82 0.78 0.8 0.82 0.85 0.84 0.86 0.87 0.81 0.78 0.79 0.82 0.84 0.96 0.9 0.91 0.82 0.8 0.83 0.78 0.81 0.81 0.79 0.81 0.81 0.81 0.81 0.85 0.8 0.79 0.83 0.84 0.82 0.81 0.84 0.81 0.83 0.85 0.75 0.73 0.74 0.78 0.79
g45 0.8 0.77 0.79 0.8 0.83 0.8 0.8 0.79 0.8 0.8 0.92 0.79 0.76 0.77 0.75 0.79 0.75 0.76 0.78 0.79 0.83 0.83 0.83 0.82 0.82 0.81 0.82 0.81 0.79 0.79 0.78 0.76 0.76 0.81 0.82 0.82 0.9 0.93 0.76 0.77 0.77 0.78 0.78 0.9 0.98 0.88 0.82 0.81 0.79 0.77 0.81 0.81 0.79 0.8 0.8 0.79 0.78 0.81 0.78 0.76 0.78 0.79 0.78 0.79 0.79 0.79 0.8 0.81 0.74 0.73 0.73 0.77 0.75
g46 0.84 0.86 0.85 0.86 0.89 0.82 0.81 0.87 0.82 0.85 0.9 0.84 0.81 0.83 0.78 0.83 0.76 0.77 0.8 0.78 0.87 0.9 0.89 0.82 0.84 0.83 0.83 0.83 0.84 0.82 0.82 0.77 0.81 0.8 0.84 0.84 0.87 0.87 0.82 0.79 0.78 0.83 0.81 0.91 0.88 0.95 0.8 0.79 0.81 0.78 0.84 0.84 0.79 0.81 0.83 0.84 0.81 0.85 0.82 0.81 0.82 0.85 0.82 0.8 0.85 0.81 0.83 0.86 0.74 0.73 0.72 0.77 0.78
g47 0.74 0.73 0.72 0.74 0.76 0.73 0.75 0.73 0.87 0.8 0.82 0.71 0.75 0.78 0.73 0.75 0.75 0.75 0.77 0.76 0.78 0.75 0.78 0.76 0.8 0.78 0.79 0.77 0.83 0.85 0.86 0.72 0.72 0.75 0.75 0.77 0.81 0.81 0.82 0.87 0.72 0.72 0.73 0.82 0.82 0.8 0.96 0.88 0.79 0.76 0.78 0.78 0.74 0.76 0.77 0.72 0.73 0.75 0.72 0.73 0.75 0.78 0.75 0.72 0.75 0.75 0.75 0.73 0.73 0.71 0.7 0.73 0.78
g48 0.74 0.77 0.76 0.74 0.81 0.76 0.74 0.76 0.92 0.86 0.84 0.74 0.76 0.8 0.75 0.78 0.8 0.79 0.77 0.78 0.79 0.78 0.79 0.78 0.81 0.8 0.8 0.79 0.85 0.89 0.9 0.72 0.72 0.75 0.77 0.77 0.82 0.81 0.87 0.88 0.76 0.77 0.77 0.8 0.81 0.79 0.88 0.97 0.79 0.8 0.8 0.82 0.77 0.76 0.78 0.75 0.76 0.76 0.76 0.75 0.8 0.78 0.74 0.75 0.75 0.77 0.77 0.73 0.73 0.69 0.7 0.74 0.79
g49 0.78 0.78 0.81 0.8 0.84 0.79 0.79 0.8 0.83 0.82 0.83 0.79 0.78 0.81 0.77 0.81 0.78 0.79 0.78 0.8 0.81 0.82 0.82 0.79 0.8 0.78 0.81 0.78 0.83 0.81 0.81 0.78 0.78 0.78 0.8 0.8 0.79 0.77 0.81 0.82 0.8 0.79 0.81 0.83 0.79 0.81 0.79 0.79 0.86 0.81 0.77 0.79 0.77 0.8 0.79 0.81 0.79 0.81 0.8 0.79 0.79 0.83 0.79 0.77 0.81 0.8 0.82 0.81 0.74 0.72 0.75 0.75 0.76
g50 0.75 0.77 0.79 0.76 0.81 0.78 0.76 0.76 0.82 0.82 0.8 0.78 0.76 0.76 0.76 0.8 0.85 0.84 0.82 0.82 0.78 0.78 0.78 0.76 0.79 0.78 0.77 0.76 0.82 0.82 0.81 0.74 0.76 0.75 0.77 0.76 0.77 0.76 0.8 0.78 0.77 0.78 0.78 0.78 0.77 0.78 0.76 0.8 0.81 0.94 0.77 0.78 0.74 0.77 0.76 0.76 0.77 0.77 0.79 0.76 0.81 0.78 0.74 0.74 0.77 0.76 0.81 0.76 0.75 0.71 0.72 0.74 0.76
g51 0.79 0.78 0.77 0.79 0.81 0.77 0.76 0.79 0.81 0.83 0.84 0.77 0.75 0.76 0.76 0.79 0.76 0.76 0.79 0.77 0.89 0.84 0.87 0.83 0.87 0.87 0.86 0.88 0.81 0.81 0.79 0.73 0.74 0.78 0.79 0.8 0.85 0.84 0.79 0.78 0.75 0.78 0.76 0.81 0.81 0.84 0.78 0.8 0.77 0.77 0.97 0.94 0.82 0.8 0.86 0.77 0.76 0.79 0.76 0.77 0.82 0.84 0.78 0.76 0.77 0.77 0.79 0.78 0.74 0.73 0.71 0.76 0.8
g52 0.79 0.78 0.78 0.8 0.82 0.78 0.77 0.79 0.83 0.83 0.84 0.77 0.75 0.76 0.75 0.8 0.77 0.78 0.81 0.78 0.89 0.85 0.88 0.85 0.89 0.88 0.87 0.88 0.83 0.82 0.8 0.73 0.74 0.79 0.8 0.82 0.85 0.83 0.8 0.79 0.75 0.79 0.78 0.81 0.81 0.84 0.78 0.82 0.79 0.78 0.94 0.97 0.83 0.82 0.87 0.77 0.78 0.79 0.77 0.78 0.81 0.84 0.79 0.75 0.78 0.78 0.79 0.78 0.74 0.73 0.72 0.77 0.8
g53 0.75 0.76 0.74 0.76 0.78 0.8 0.77 0.76 0.78 0.77 0.81 0.74 0.74 0.75 0.74 0.75 0.73 0.72 0.75 0.77 0.84 0.81 0.82 0.82 0.82 0.8 0.82 0.81 0.76 0.76 0.75 0.72 0.71 0.76 0.78 0.78 0.81 0.79 0.76 0.75 0.75 0.74 0.74 0.79 0.79 0.79 0.74 0.77 0.77 0.74 0.82 0.83 0.95 0.81 0.85 0.75 0.79 0.76 0.75 0.73 0.75 0.77 0.74 0.83 0.76 0.79 0.77 0.75 0.74 0.74 0.7 0.76 0.75
g54 0.77 0.76 0.76 0.77 0.8 0.77 0.77 0.77 0.79 0.79 0.81 0.75 0.76 0.77 0.75 0.77 0.75 0.76 0.77 0.78 0.84 0.81 0.84 0.82 0.82 0.81 0.83 0.83 0.78 0.77 0.77 0.74 0.76 0.78 0.78 0.78 0.8 0.78 0.76 0.76 0.77 0.75 0.75 0.81 0.8 0.81 0.76 0.76 0.8 0.77 0.8 0.82 0.81 0.94 0.91 0.76 0.8 0.76 0.77 0.72 0.77 0.78 0.77 0.77 0.87 0.86 0.84 0.8 0.73 0.73 0.73 0.77 0.75
g55 0.79 0.77 0.78 0.79 0.82 0.78 0.76 0.79 0.8 0.81 0.81 0.76 0.75 0.77 0.76 0.78 0.74 0.75 0.78 0.78 0.89 0.85 0.89 0.85 0.87 0.87 0.88 0.86 0.81 0.79 0.79 0.74 0.74 0.79 0.79 0.8 0.82 0.79 0.78 0.77 0.76 0.78 0.78 0.81 0.8 0.83 0.77 0.78 0.79 0.76 0.86 0.87 0.85 0.91 0.96 0.77 0.79 0.79 0.77 0.74 0.79 0.8 0.78 0.78 0.83 0.83 0.81 0.8 0.74 0.72 0.72 0.78 0.78
g56 0.81 0.83 0.85 0.84 0.87 0.79 0.77 0.83 0.81 0.82 0.81 0.85 0.79 0.82 0.78 0.82 0.75 0.77 0.77 0.77 0.83 0.86 0.83 0.78 0.8 0.79 0.79 0.78 0.83 0.81 0.81 0.78 0.8 0.79 0.82 0.82 0.8 0.78 0.81 0.77 0.78 0.84 0.82 0.81 0.79 0.84 0.72 0.75 0.81 0.76 0.77 0.77 0.75 0.76 0.77 0.94 0.79 0.84 0.82 0.81 0.8 0.82 0.83 0.79 0.81 0.78 0.8 0.83 0.72 0.7 0.71 0.75 0.75
g57 0.82 0.81 0.8 0.8 0.83 0.81 0.79 0.81 0.82 0.83 0.81 0.8 0.8 0.77 0.75 0.81 0.76 0.77 0.75 0.76 0.82 0.83 0.82 0.81 0.78 0.77 0.79 0.77 0.82 0.83 0.8 0.76 0.77 0.81 0.84 0.85 0.79 0.78 0.83 0.77 0.78 0.79 0.81 0.81 0.78 0.81 0.73 0.76 0.79 0.77 0.76 0.78 0.79 0.8 0.79 0.79 0.95 0.82 0.81 0.79 0.81 0.8 0.77 0.82 0.82 0.84 0.83 0.8 0.74 0.7 0.72 0.76 0.74
g58 0.86 0.82 0.85 0.84 0.86 0.8 0.79 0.84 0.81 0.83 0.83 0.85 0.78 0.79 0.76 0.82 0.76 0.78 0.79 0.8 0.83 0.87 0.85 0.81 0.81 0.81 0.81 0.8 0.83 0.82 0.81 0.81 0.8 0.82 0.86 0.85 0.83 0.81 0.81 0.75 0.8 0.83 0.84 0.85 0.81 0.85 0.75 0.76 0.81 0.77 0.79 0.79 0.76 0.76 0.79 0.84 0.82 0.95 0.82 0.81 0.81 0.84 0.81 0.8 0.81 0.79 0.82 0.86 0.74 0.71 0.74 0.76 0.76
g59 0.8 0.8 0.83 0.82 0.86 0.81 0.8 0.81 0.8 0.82 0.81 0.83 0.8 0.8 0.76 0.82 0.77 0.77 0.74 0.75 0.82 0.84 0.82 0.78 0.79 0.77 0.79 0.78 0.83 0.83 0.81 0.76 0.8 0.78 0.81 0.81 0.81 0.77 0.81 0.76 0.78 0.82 0.81 0.8 0.78 0.82 0.72 0.76 0.8 0.79 0.76 0.77 0.75 0.77 0.77 0.82 0.81 0.82 0.96 0.8 0.81 0.8 0.78 0.77 0.83 0.79 0.83 0.8 0.75 0.72 0.71 0.73 0.73
g60 0.79 0.79 0.79 0.81 0.81 0.78 0.77 0.79 0.79 0.81 0.8 0.79 0.79 0.77 0.75 0.81 0.74 0.74 0.74 0.74 0.8 0.82 0.8 0.75 0.77 0.76 0.77 0.76 0.82 0.82 0.8 0.76 0.77 0.76 0.8 0.81 0.79 0.77 0.8 0.77 0.74 0.79 0.79 0.79 0.76 0.81 0.73 0.75 0.79 0.76 0.77 0.78 0.73 0.72 0.74 0.81 0.79 0.81 0.8 0.93 0.79 0.81 0.76 0.74 0.78 0.76 0.79 0.79 0.74 0.71 0.69 0.72 0.73
g61 0.81 0.84 0.84 0.82 0.87 0.83 0.8 0.83 0.84 0.89 0.83 0.8 0.79 0.79 0.8 0.83 0.79 0.8 0.77 0.77 0.85 0.85 0.86 0.79 0.81 0.81 0.79 0.8 0.84 0.85 0.84 0.76 0.77 0.78 0.81 0.81 0.79 0.76 0.86 0.81 0.82 0.83 0.83 0.83 0.78 0.82 0.75 0.8 0.79 0.81 0.82 0.81 0.75 0.77 0.79 0.8 0.81 0.81 0.81 0.79 0.96 0.84 0.79 0.8 0.8 0.81 0.84 0.82 0.74 0.71 0.73 0.76 0.76
g62 0.82 0.83 0.83 0.83 0.86 0.81 0.77 0.85 0.82 0.84 0.83 0.81 0.8 0.81 0.8 0.83 0.76 0.78 0.78 0.77 0.84 0.87 0.86 0.79 0.82 0.81 0.81 0.8 0.84 0.82 0.83 0.76 0.77 0.79 0.82 0.82 0.8 0.78 0.83 0.82 0.79 0.82 0.82 0.84 0.79 0.85 0.78 0.78 0.83 0.78 0.84 0.84 0.77 0.78 0.8 0.82 0.8 0.84 0.8 0.81 0.84 0.92 0.82 0.79 0.81 0.81 0.82 0.83 0.73 0.7 0.72 0.75 0.77
g63 0.8 0.81 0.81 0.81 0.83 0.78 0.79 0.81 0.78 0.8 0.8 0.8 0.76 0.79 0.76 0.79 0.74 0.77 0.78 0.76 0.82 0.83 0.84 0.79 0.8 0.79 0.8 0.8 0.8 0.8 0.8 0.76 0.79 0.8 0.8 0.82 0.79 0.78 0.8 0.74 0.76 0.82 0.8 0.82 0.78 0.82 0.75 0.74 0.79 0.74 0.78 0.79 0.74 0.77 0.78 0.83 0.77 0.81 0.78 0.76 0.79 0.82 0.96 0.77 0.8 0.78 0.79 0.82 0.75 0.74 0.73 0.78 0.78
g64 0.81 0.81 0.8 0.79 0.85 0.82 0.79 0.81 0.81 0.82 0.81 0.77 0.76 0.78 0.75 0.77 0.73 0.75 0.74 0.75 0.82 0.82 0.83 0.78 0.78 0.77 0.78 0.77 0.8 0.8 0.79 0.75 0.75 0.78 0.81 0.8 0.77 0.76 0.81 0.77 0.8 0.79 0.8 0.81 0.79 0.8 0.72 0.75 0.77 0.74 0.76 0.75 0.83 0.77 0.78 0.79 0.82 0.8 0.77 0.74 0.8 0.79 0.77 0.97 0.8 0.85 0.81 0.8 0.74 0.73 0.71 0.76 0.75
g65 0.81 0.84 0.83 0.85 0.88 0.81 0.81 0.85 0.81 0.83 0.83 0.81 0.79 0.82 0.76 0.81 0.74 0.76 0.76 0.76 0.84 0.86 0.86 0.78 0.79 0.78 0.79 0.79 0.82 0.82 0.82 0.78 0.84 0.78 0.8 0.82 0.8 0.77 0.81 0.76 0.79 0.83 0.8 0.84 0.79 0.85 0.75 0.75 0.81 0.77 0.77 0.78 0.76 0.87 0.83 0.81 0.82 0.81 0.83 0.78 0.8 0.81 0.8 0.8 0.97 0.88 0.86 0.86 0.75 0.71 0.75 0.75 0.77
g66 0.8 0.82 0.8 0.8 0.86 0.82 0.78 0.83 0.83 0.84 0.84 0.76 0.77 0.79 0.75 0.79 0.75 0.77 0.75 0.78 0.83 0.83 0.85 0.8 0.79 0.77 0.79 0.78 0.8 0.82 0.82 0.76 0.77 0.79 0.81 0.82 0.8 0.76 0.82 0.79 0.8 0.79 0.81 0.81 0.79 0.81 0.75 0.77 0.8 0.76 0.77 0.78 0.79 0.86 0.83 0.78 0.84 0.79 0.79 0.76 0.81 0.81 0.78 0.85 0.88 0.96 0.9 0.8 0.73 0.71 0.72 0.76 0.76
g67 0.82 0.81 0.83 0.82 0.86 0.85 0.82 0.82 0.82 0.86 0.84 0.79 0.78 0.79 0.77 0.81 0.78 0.8 0.78 0.81 0.84 0.85 0.85 0.82 0.8 0.79 0.8 0.79 0.82 0.83 0.82 0.76 0.79 0.81 0.84 0.84 0.81 0.79 0.82 0.77 0.81 0.82 0.83 0.83 0.8 0.83 0.75 0.77 0.82 0.81 0.79 0.79 0.77 0.84 0.81 0.8 0.83 0.82 0.83 0.79 0.84 0.82 0.79 0.81 0.86 0.9 0.97 0.83 0.75 0.72 0.73 0.78 0.75
g68 0.84 0.83 0.85 0.85 0.86 0.8 0.8 0.84 0.79 0.83 0.82 0.84 0.79 0.81 0.78 0.81 0.75 0.77 0.79 0.78 0.84 0.89 0.86 0.8 0.81 0.8 0.81 0.81 0.81 0.8 0.79 0.78 0.81 0.82 0.84 0.84 0.79 0.78 0.81 0.75 0.78 0.84 0.83 0.85 0.81 0.86 0.73 0.73 0.81 0.76 0.78 0.78 0.75 0.8 0.8 0.83 0.8 0.86 0.8 0.79 0.82 0.83 0.82 0.8 0.86 0.8 0.83 0.96 0.74 0.72 0.74 0.78 0.76
g69 0.73 0.72 0.71 0.74 0.74 0.78 0.79 0.72 0.72 0.73 0.74 0.71 0.73 0.72 0.7 0.73 0.73 0.72 0.72 0.72 0.75 0.73 0.75 0.74 0.75 0.74 0.76 0.73 0.74 0.75 0.73 0.71 0.73 0.73 0.73 0.74 0.74 0.73 0.73 0.71 0.72 0.71 0.72 0.75 0.74 0.74 0.73 0.73 0.74 0.75 0.74 0.74 0.74 0.73 0.74 0.72 0.74 0.74 0.75 0.74 0.74 0.73 0.75 0.74 0.75 0.73 0.75 0.74 0.96 0.87 0.73 0.76 0.74
g70 0.71 0.7 0.69 0.71 0.71 0.74 0.77 0.69 0.7 0.71 0.75 0.7 0.71 0.7 0.69 0.72 0.69 0.69 0.7 0.7 0.73 0.71 0.73 0.73 0.73 0.71 0.73 0.71 0.71 0.71 0.69 0.7 0.7 0.72 0.73 0.72 0.73 0.74 0.7 0.69 0.71 0.69 0.69 0.73 0.73 0.73 0.71 0.69 0.72 0.71 0.73 0.73 0.74 0.73 0.72 0.7 0.7 0.71 0.72 0.71 0.71 0.7 0.74 0.73 0.71 0.71 0.72 0.72 0.87 0.96 0.7 0.76 0.71
g71 0.73 0.7 0.71 0.73 0.72 0.75 0.76 0.72 0.72 0.72 0.74 0.71 0.71 0.71 0.68 0.71 0.71 0.73 0.74 0.74 0.72 0.73 0.74 0.74 0.73 0.74 0.74 0.73 0.71 0.71 0.71 0.79 0.77 0.75 0.73 0.73 0.71 0.71 0.7 0.68 0.79 0.72 0.73 0.74 0.73 0.72 0.7 0.7 0.75 0.72 0.71 0.72 0.7 0.73 0.72 0.71 0.72 0.74 0.71 0.69 0.73 0.72 0.73 0.71 0.75 0.72 0.73 0.74 0.73 0.7 0.92 0.74 0.71
g72 0.78 0.74 0.75 0.76 0.77 0.76 0.77 0.75 0.76 0.77 0.78 0.74 0.72 0.73 0.71 0.74 0.72 0.81 0.82 0.83 0.79 0.77 0.79 0.87 0.83 0.81 0.84 0.81 0.76 0.77 0.75 0.72 0.73 0.88 0.84 0.84 0.76 0.76 0.74 0.72 0.74 0.81 0.81 0.78 0.77 0.77 0.73 0.74 0.75 0.74 0.76 0.77 0.76 0.77 0.78 0.75 0.76 0.76 0.73 0.72 0.76 0.75 0.78 0.76 0.75 0.76 0.78 0.78 0.76 0.76 0.74 0.96 0.77
g73 0.78 0.76 0.75 0.77 0.78 0.74 0.75 0.78 0.83 0.79 0.79 0.74 0.74 0.76 0.73 0.77 0.73 0.77 0.79 0.77 0.83 0.77 0.83 0.79 0.83 0.82 0.81 0.81 0.79 0.81 0.79 0.73 0.75 0.76 0.77 0.78 0.76 0.75 0.79 0.79 0.73 0.76 0.75 0.79 0.75 0.78 0.78 0.79 0.76 0.76 0.8 0.8 0.75 0.75 0.78 0.75 0.74 0.76 0.73 0.73 0.76 0.77 0.78 0.75 0.77 0.76 0.75 0.76 0.74 0.71 0.71 0.77 0.98
