20001 15.8720420059054 16.9360233315157
20002 16.8465108604723 17.8328869368099
20003 16.1130662869449 17.005702174069
20004 17.3751257240576 18.3610050370658
20005 16.4552554435771 17.4997151833439
20006 16.1055823904574 17.085313152842
20007 16.7439501898706 17.6596657675112
20008 16.9578389950874 17.8271191534738
20009 16.1891163643536 17.1722679595735
20010 16.8088146635173 17.7546151912227
20011 15.1527564323005 16.077187920119
20012 16.989486176176 17.9262235751754
20013 16.7794104187072 17.7182220002106
20014 16.4620403273016 17.5058672375851
20015 16.1871633983407 17.0108857624536
20016 16.8265683666593 17.7056961924798
20017 16.5411572046416 17.537938585606
20018 16.6277760235963 17.6393234766001
20019 15.5255891672403 16.3514733737557
20020 14.8304594951595 15.8361572945905
20021 15.6840555912579 16.5370205422009
20022 16.5126423282931 17.4600233619256
20023 16.4694878576397 17.4716864311846
20024 15.9859232776522 16.9072248797008
20025 15.5759146670268 16.5854724660244
20026 14.896970966917 15.8229077406808
20027 18.0601609227335 19.0907220985833
20028 16.2083380993604 17.2100923396931
20029 16.0263649555303 17.0435357600834
20030 15.0626025472312 16.0518314854208
20031 16.3852013494935 17.2274981709293
20032 17.1314311392059 18.1921919077797
20033 16.549920554546 17.5395123189291
20034 16.6248963559201 17.5106936548692
20035 14.6505421618522 15.7099455913195
20036 15.4419882442528 16.4417331668376
20037 16.3238666267911 17.2048545218026
20038 15.9767372681508 16.7998552298947
20039 15.8006084992022 16.8146388952015
20040 15.6910031860052 16.7148157768823
20041 16.6524863166382 17.4685082142383
20042 16.9559461745576 17.7614922289545
20043 15.653446194676 16.5721133045623
20044 15.0181687129131 15.949541640231
20045 15.800778018279 16.7823784115764
20046 15.4014026307991 16.332845360387
20047 16.5288110323861 17.5843129311821
20048 15.8760180118871 16.7672478722133
20049 16.4066541005023 17.3969357107549
20050 15.0494168303919 15.9910210698354
20051 16.4813274618142 17.4792077124803
20052 15.9909922796394 16.8837626634095
20053 15.8231571342248 16.8795863545659
20054 17.8543814245184 18.7749694438212
20055 16.9761837293279 18.0961450979444
20056 16.4882807752799 17.4291024355879
20057 15.5825992685044 16.5928491421011
20058 17.6177583677575 18.5487149334306
20059 16.323329218382 17.377691795946
20060 16.5488051087638 17.5337323996952
20061 15.7360750863294 16.6876361561522
20062 16.582798076808 17.5174856073269
20063 15.7682689212891 16.7069294850802
20064 16.0295639968136 16.9712345703276
20065 16.7467057587898 17.7867972928587
20066 15.9978097082343 17.0419725474219
20067 16.0529571908245 17.039956298844
20068 16.1453525236934 17.0287291349312
20069 17.7969839228686 18.7334262066377
20070 15.4891408284622 16.4479789064168
20071 15.3108661812633 16.3207507308306
20072 14.6386413579312 15.5629599472037
20073 15.3577043180308 16.2943455322275
20074 16.8068244034254 17.7017869924424
20075 15.4522857444274 16.3816358619167
20076 15.9734280706824 16.9397602300736
20077 16.4536512988187 17.3499761704455
20078 15.989436113502 16.9359549166954
20079 16.7421250517468 17.7541819246827
20080 16.1651203668414 17.271220405264
20081 16.5522420897377 17.555211109273
20082 16.2751076466998 17.0955822698545
20083 16.0199675195244 16.8995488918217
20084 16.5891777399122 17.4787440683922
20085 15.978245023733 16.9225098033071
20086 16.3400747756551 17.2740389644266
20087 16.3818676396018 17.4976159768296
20088 15.8115909631721 16.8148465615924
20089 16.0015634496794 17.0471803672307
20090 16.4890607964608 17.4707987235661
20091 17.3038466496487 18.1860526732297
20092 16.4394593224758 17.3293385173175
20093 16.03364895063 16.9222808745349
20094 15.7759744314768 16.8549553376793
20095 17.20887998234 18.0817827312668
20096 17.0519696489758 17.995712380331
20097 16.1807716692427 17.0167177656587
20098 17.6621664126494 18.6730660399631
20099 16.3485788291719 17.3444031969436
20100 15.7191436123472 16.7149826168497
20101 17.0726901898299 17.9051381305913
20102 16.936984750627 17.8709869281928
20103 15.8459139314663 16.9601334677927
20104 16.1426582571246 17.0829111330196
20105 17.5942637406665 18.532951201628
20106 15.4399980354398 16.3294882064225
20107 16.3311444746615 17.4027997155521
20108 17.000818360098 17.9247390894179
20109 16.2947080236484 17.3515010569288
20110 16.0169797311025 17.0290366040383
20111 17.8642837801648 18.7945934161171
20112 15.4472889602561 16.4296533602997
20113 17.2443057249594 18.4929912310086
20114 16.8914536426051 17.9006158111029
20115 14.9779098428012 15.8093887153317
20116 17.2786760604027 18.2676864210233
20117 16.7178552098273 17.8197734636424
20118 16.5203451675861 17.4700589201691
20119 16.3468931835958 17.2301708488958
20120 16.1918265448619 17.1284510351623
20121 17.5855349061809 18.5369650585808
20122 15.8296382600698 16.7683825487744
20123 17.6555189336702 18.5982428583056
20124 15.6781279963164 16.6102228704717
20125 16.7567380787014 17.585616842036
20126 16.5447005921247 17.4330440388351
20127 17.3640980527881 18.2962211918622
20128 16.5603440407114 17.4905277078037
20129 16.9525475348378 17.9533837203556
20130 16.4740681509032 17.5348339683974
20131 15.9073255481507 16.8622656921692
20132 16.0036176701802 16.9236373831696
20133 16.1550189551175 17.0370033517441
20134 15.6228722993094 16.5575598298283
20135 16.1463685629393 17.1450021305895
20136 17.122317853455 17.9488528709353
20137 16.5855193073809 17.5862434863868
20138 15.6408251730513 16.5691973071775
20139 16.4980535904262 17.3818621889576
20140 16.7833460465804 17.7445921985201
20141 15.7780026690386 16.7791099796505
20142 14.9189211128148 15.7958173160371
20143 15.881871190268 16.7516046234448
20144 16.7218809195911 17.5414280948473
20145 16.3553829906769 17.2950299701014
20146 15.7293000265653 16.7899774584775
20147 14.6860849462085 15.5639650349486
20148 16.627986231622 17.6671820565864
20149 15.8743141483051 16.8040895473522
20150 16.7152672301588 17.7732326647751
20151 16.650496961128 17.7092293493268
20152 16.279349804745 17.2726924487375
20153 16.5491362766778 17.5353062032748
20154 17.0105942627409 18.018883764947
20155 15.7722846109307 16.8971652323866
20156 16.857535234041 17.7407422925183
20157 16.3051545027357 17.1359633274749
20158 16.3585723060672 17.3513148521627
20159 17.0644410525364 18.0627195597935
20160 15.1316892090836 16.1442711738159
20161 16.0529760700719 17.0815503238195
20162 17.0905299548438 18.0510477396476
20163 16.403860629297 17.5167177775965
20164 16.5896558404539 17.644018418018
20165 16.1458358972628 17.2482503991887
20166 15.5114098891396 16.4522475362193
20167 16.6391811940483 17.5204324523666
20168 16.5905551721069 17.4660889873022
20169 16.6972477993766 17.6338584946871
20170 15.696381690242 16.651407812103
20171 15.8930570230172 16.8935744425553
20172 15.5289237882134 16.5375015090371
20173 15.7789030998033 16.659383528727
20174 16.7352325441088 17.6507834674404
20175 16.6499453903095 17.6472230193845
20176 15.3223661323211 16.2569445395553
20177 16.0161667938659 16.8986904370088
20178 16.7176500658331 17.72289583631
20179 16.2582478992665 17.2521470074391
20180 16.1685769785932 17.2271657058448
20181 15.0381593306339 15.9547597977431
20182 16.2752898976012 17.217965616435
20183 15.9730693942227 16.8673657412004
20184 16.3548674262169 17.3344016154762
20185 14.5882283247522 15.4661406104101
20186 15.9309459198425 17.0361904410102
20187 15.9155454313541 16.7461569666384
20188 16.3768053394215 17.3151205107534
20189 17.827643837331 18.7503497304921
20190 17.3154877390288 18.2459197425766
20191 16.5934366934482 17.5297536416744
20192 16.2162356324653 17.2456058427738
20193 16.1079906552935 17.2146201553087
20194 16.4097229046661 17.5203492848705
20195 15.4389396765673 16.2806456971256
20196 16.1241230538112 17.1049571861063
20197 16.6407106104512 17.5875090444123
20198 15.2794576776908 16.2854792925791
20199 15.4893765143798 16.4124011580541
20200 17.0288702353333 18.0918557787456
20201 15.104628613097 16.0544558195526
20202 15.9820465593628 17.0291436105427
20203 16.8016975556509 17.7789059028413
20204 17.2870301328956 18.2979381404925
20205 16.7811336898126 17.7721692615061
20206 16.4363396724331 17.427548604231
20207 16.019681844168 16.8515005741468
20208 17.5239319298306 18.4994794228228
20209 17.3265641698686 18.196599822051
20210 16.9406491652404 17.8196352353775
20211 18.0079759947328 19.0145525794875
20212 16.5488911841648 17.6037542209953
20213 16.3532474828668 17.2210278864106
20214 16.096857385084 17.2135341638355
20215 16.5122120308349 17.3828272163593
20216 15.4025013228299 16.2991116339004
20217 15.4088003703907 16.4558073962559
20218 17.0319104493965 17.9814146897786
20219 16.4358434345545 17.3981391302717
20220 17.3392501504697 18.2640503558734
20221 16.9513260027422 17.8255247907995
20222 17.5598006345736 18.4267773533557
20223 15.5230582504742 16.4076869241869
20224 17.6685712727059 18.7187868655006
20225 17.2367846101666 18.3034591380817
20226 16.9806871920561 18.0979011937981
20227 16.2007745330194 17.142014033099
20228 16.2159749673245 17.1549509054806
20229 16.0229396528336 16.8798134530424
20230 16.558870132192 17.5167403507094
20231 16.6327540157725 17.6422912550591
20232 15.5394703396343 16.4790904218883
20233 16.0834854500555 17.0230490946902
20234 16.065001616416 17.0044449689262
20235 15.9704678085405 16.8469661518101
20236 16.0871349995401 16.9659746067432
20237 16.1166563148407 16.9421899780594
20238 16.2511607971234 17.251752641591
20239 15.9005250293639 16.7963119061943
20240 15.3690704362254 16.456013322378
20241 15.8665412966609 16.78422664246
20242 17.4184758948268 18.4760334416247
20243 15.8023068976404 16.6758037368608
20244 16.9636817857128 17.8441719995604
20245 15.7257143760912 16.7122123633675
20246 15.8088550321452 16.7498643995967
20247 16.0809835167477 17.184916964946
20248 18.3952009981933 19.447530146462
20249 15.7400712493641 16.5754956290559
20250 17.8485312393446 18.7241271905761
20251 15.1666820103931 16.2809015467196
20252 16.0754644728216 17.021403209531
20253 16.019821781038 17.1337528401698
20254 16.6234264280459 17.6067747136073
20255 15.9833532047347 16.9180045103044
20256 16.1469578946765 17.0942872232832
20257 16.8811287456607 18.004774150217
20258 15.8858834949948 16.9893693158335
20259 17.1378174849325 18.0785906190202
20260 16.7280104341553 17.6764902118186
20261 15.4820441896894 16.5264150024551
20262 16.550183856302 17.4381626344291
20263 16.466857118476 17.2993050592374
20264 15.0943897844202 16.0489671802773
20265 17.1991850171342 18.1876888499471
20266 16.087031944108 17.0482537289929
20267 15.8079470531201 16.8491985474802
20268 17.8574918785059 18.8414558151597
20269 15.3870772671844 16.4553068043658
20270 15.8270405126125 16.7660680882905
20271 16.7380680089589 17.7266424264822
20272 16.862387168187 17.6246671591729
20273 15.9005062448096 16.8469947043528
20274 15.9131341919273 16.7424275583413
20275 16.6499215514535 17.7179528953319
20276 15.9167594121664 16.8485343687283
20277 16.9619559657414 18.0772494129002
20278 16.4038406964986 17.3338971927957
20279 16.6763281219715 17.7165131113189
20280 15.7974119840103 16.7370396059913
20281 16.7991674775622 17.7917953613596
20282 15.9515825856878 17.0178874575206
20283 17.0836308432131 18.1929395500847
20284 16.6510265669843 17.6479013264955
20285 14.9034530866926 15.8434785686262
20286 15.607893279893 16.4364390129565
20287 15.9493024949943 16.8896587387802
20288 14.6767851831347 15.5482108940725
20289 16.9181773166906 17.8519461479812
20290 16.1427559419716 17.128283279206
20291 15.6201421627854 16.5033890910277
20292 16.0263621817911 16.9700406763267
20293 16.4878476783897 17.4175112632969
20294 15.6160565457583 16.7446353081595
20295 14.9309731693174 15.8145780877474
20296 15.6085301481279 16.5996490546112
20297 15.7658735482306 16.7687136303407
20298 16.1010987792282 17.1884714636741
20299 15.2570000565431 16.2363970311128
20300 16.4609477542732 17.3939348540926
20301 17.2112927111618 18.0774513648036
20302 16.7252727591219 17.641951529147
20303 16.8917080962821 17.7763957719714
20304 16.2605203881219 17.2411336625245
20305 16.1893886484621 17.0445018751791
20306 16.2065451497379 17.2388958461112
20307 16.0655797391366 16.9997270729365
20308 15.5644258652917 16.5447008174427
20309 17.2888578845076 18.2062550882612
20310 17.2364066573438 18.3550056379333
20311 16.8163334871858 17.7503600318065
20312 16.8654718037977 17.8619487033561
20313 17.0131536490223 18.0202307507028
20314 16.2491937848486 17.2417651046734
20315 16.1145621442958 17.1110957446306
20316 15.927085538877 16.9775090777699
20317 16.36628978713 17.4083859835404
20318 16.3239912212455 17.383145260742
20319 14.5322017233309 15.5253698560816
20320 15.6749844137907 16.6146421893901
20321 16.5390023841898 17.4207880526635
20322 17.4740542668377 18.4402235885185
20323 15.8905104865962 16.9019293557378
20324 16.9220431376519 17.9108913326085
20325 15.9828844879539 16.9761652368398
20326 15.6425044215873 16.6353769024281
20327 15.4968558520737 16.3737618511927
20328 16.2228655724951 17.2541163499361
20329 16.9512709521833 17.9608081914699
20330 16.9227547303953 17.9034787019842
20331 17.1094970582028 17.9924256271315
20332 15.4070346445463 16.3877249253939
20333 17.2676302467472 18.2939838785784
20334 15.6852311831124 16.6840216263173
20335 16.2389318530482 17.2940442545599
20336 16.9201470683571 17.9061550569674
20337 16.3489278365977 17.4804526816584
20338 16.4501236669911 17.449868589576
20339 16.5833597151969 17.4572379751848
20340 16.8653445330737 17.8543615010584
20341 16.1332343634031 17.1779650519758
20342 16.4761431724212 17.5190521717367
20343 15.5336938311281 16.4958749697763
20344 16.5741917300926 17.5747835745601
20345 16.7183226557628 17.6780722037189
20346 15.5930845408024 16.5241055041253
20347 16.1222128598814 17.1144007286342
20348 16.4515275573739 17.3475482243471
20349 15.9548849110011 16.9478696734558
20350 16.4086498595521 17.29052745165
20351 16.6467380622713 17.582343612262
20352 17.2408936426901 18.2463129818226
20353 16.077551594616 17.1430688769089
20354 16.4518382282176 17.3839691484524
20355 16.5566108887237 17.5019619189544
20356 16.3245204339377 17.3904658336105
20357 16.6786411656189 17.7553129440894
20358 16.3739063110897 17.4287011879021
20359 15.278630901616 16.2213056038859
20360 17.1909840678409 18.1313403116268
20361 16.0280131599766 17.0206326634908
20362 16.3446974366847 17.281115353399
20363 16.7322393617702 17.7242812200025
20364 15.7734292205476 16.6582293167461
20365 17.1363941688918 18.1532488094457
20366 16.9811123091084 18.051394694077
20367 17.3283897963155 18.3491978224588
20368 15.3066760476577 16.1826225283137
20369 15.5227679166355 16.4618338801062
20370 16.2409990169864 17.2979960867128
20371 14.9999477323967 15.9937284744054
20372 16.1853734925579 17.0165270998872
20373 15.9772415504197 16.9526988094699
20374 15.6783206951636 16.4977632432845
20375 15.5287093043984 16.3606285406578
20376 16.2142523582781 17.2008536063448
20377 16.8297436118369 17.7611674447238
20378 16.3229816884513 17.2504036925861
20379 15.8594421693506 16.735445010292
20380 17.0321356099322 18.0243284272479
20381 16.0303774115712 17.0338063700958
20382 17.1832527878314 18.2038138048759
20383 17.1784188107912 18.2389049975177
20384 15.8057587677001 16.8224791922975
20385 16.2178328884417 17.1253394991832
20386 17.6956136916841 18.5672671783508
20387 16.1850469380488 17.2750359104651
20388 16.7278134813323 17.719303476951
20389 16.4670582118818 17.3584487388811
20390 17.0644937009752 17.9364712745266
20391 17.3181628954335 18.268791706927
20392 16.7432955816397 17.791440213273
20393 16.6490872023829 17.7604206565882
20394 15.2792805989687 16.226329183048
20395 15.6798871914642 16.643186896344
20396 16.3017315698602 17.3494295078993
20397 16.5791239192136 17.5948380572721
20398 16.8566861017618 17.9026656062036
20399 16.5702509745529 17.504558113863
20400 15.3982903947041 16.3652525550755
20401 15.5973223210027 16.5319423045622
20402 15.572897175127 16.6486666222757
20403 16.7483304982365 17.6808351900731
20404 15.0609007330119 15.8914782290335
20405 15.4477553645893 16.3291307434496
20406 15.4513930175417 16.4390113646081
20407 16.4633247444356 17.3829201072617
20408 16.0701730811877 17.0855268652374
20409 15.871649131802 16.8059292406463
20410 17.0903270779287 18.1446896554927
20411 16.484035208027 17.5947491753252
20412 16.1734916679372 17.1329582144537
20413 16.8098193643715 17.7944791323907
20414 16.6257474234735 17.5612629481497
20415 15.8591803353095 16.8021527190701
20416 14.6419176580997 15.7038977513324
20417 16.7978658137118 17.6820225947553
20418 17.037048590376 18.0680701436648
20419 15.7237200515781 16.7041931311684
20420 15.4473763687833 16.5225957339123
20421 16.6592150903603 17.6120456568688
20422 16.4887153248761 17.5344918834725
20423 16.3847746349912 17.2777773808423
20424 16.0777867788151 17.1910537447959
20425 15.2354601966048 16.1678435479547
20426 15.2590622617304 16.2427385432302
20427 16.7220360724979 17.7191852884658
20428 16.9334109145974 17.8656219426606
20429 17.0005300177767 17.9219993404637
20430 17.5433911910442 18.4424764291624
20431 14.8348875532692 15.6651705572289
20432 15.8126626674894 16.6851109924909
20433 16.8365893735469 17.9965057142635
20434 15.7343994011916 16.5621988389872
20435 16.0386919448235 16.9734341506153
20436 15.0019851731566 15.9607007252597
20437 15.6160471675712 16.6256087739127
20438 16.1620743935397 17.1510847541603
20439 15.6148536533036 16.6173378215392
20440 16.0007375617861 16.9390737899822
20441 15.9007183475375 16.9512747850989
20442 15.0847726958208 15.9056335053046
20443 15.93762475926 16.9436463741483
20444 16.0050685690732 17.0116451538279
20445 16.6178733575851 17.7960408197424
20446 15.631343993614 16.5219930793534
20447 15.8127686457169 16.7917083156836
20448 16.7038602943812 17.7052752451593
20449 15.901310878123 16.8402849093321
20450 17.7146645206823 18.8281765484231
20451 16.1756790466613 17.2348084174245
20452 16.934532396002 17.9333837729757
20453 15.3984026757757 16.32458462665
20454 16.0569495750733 17.1431899277932
20455 16.6936835438751 17.6180582198607
20456 15.877965943689 16.7093643406729
20457 15.5587711268164 16.5954834697989
20458 15.8668406055128 16.9348188113123
20459 16.9517944488424 17.826284708813
20460 16.2042067117037 17.1434696989926
20461 16.4518440749055 17.461405681247
20462 16.1035731600453 17.0816533157853
20463 16.13332296991 16.9579434663035
20464 15.5675334068702 16.5126594783864
20465 16.5634151949478 17.5543607413267
20466 16.5551336559991 17.6088251922948
20467 16.3041719495226 17.1758165897623
20468 15.4332003623155 16.3788384416791
20469 16.0147309352699 16.8533115238482
20470 17.3113911065584 18.3792102868394
20471 15.0155632563797 16.0951204501375
20472 17.002110514209 18.0625432221036
20473 16.5382142169691 17.537856479502
20474 15.8174493498053 16.8773638493685
20475 16.8892690349734 17.8446439868965
20476 15.8108151167661 16.8457121751022
20477 15.8175965200455 16.6857747835421
20478 15.6981124835328 16.5985054350334
20479 16.5752737466788 17.6294853651595
20480 15.8967624002408 16.9446107759252
20481 15.7264043145633 16.6912026413296
20482 15.7334047540608 16.6812768393808
20483 16.2172004594236 17.1517560615423
20484 15.6682521989527 16.5998313054929
20485 16.0711425684313 17.1530539039667
20486 15.9664720254037 16.9038738276357
20487 16.3812331626991 17.3841212153646
20488 17.1648638977117 18.2064146351679
20489 17.1381784379933 18.0555756417469
20490 16.1795886742481 17.1526672108164
20491 15.2029263413233 16.1038772986092
20492 16.5104616840778 17.5023922934238
20493 16.8994933487556 17.7830788486936
20494 17.593413877937 18.516836381564
20495 16.9738523467464 18.0295773123374
20496 16.6841596539903 17.6667980660192
20497 16.8851857890388 17.8066882391758
20498 16.510562964803 17.5148943723652
20499 16.9963134896492 17.9282350037001
20500 16.9757242748833 17.8656624495893
20501 16.8541499141355 17.8783851981639
20502 17.3156617724838 18.3116725378206
20503 17.104546128174 18.1083779562627
20504 15.8369404831271 16.7818662485994
20505 16.5419876611412 17.5367906035643
20506 15.6852516843247 16.8117990131528
20507 16.4308163590537 17.2623047813522
20508 15.8237618219943 16.8954857074864
20509 15.7464517474081 16.7582215695269
20510 15.8525177514008 16.7753136698765
20511 16.6683633911092 17.6112557272861
20512 17.4880278369698 18.5240711330751
20513 16.2671983215343 17.2482518027562
20514 17.7985646245621 18.8454703655418
20515 16.7792241119184 17.7652068896421
20516 16.7878854201411 17.6688558464087
20517 15.8814328343754 16.9006828915785
20518 16.1467703328927 17.1548164841423
20519 16.3086561452804 17.2398127031153
20520 16.732422512555 17.6710354851536
20521 16.957078906005 17.8937707066525
20522 15.4722104465834 16.4076620814363
20523 15.8258648254095 16.8134266085032
20524 15.4398366871196 16.3611050756865
20525 16.3572492214922 17.4668166785116
20526 16.7286499668003 17.6322329076952
20527 16.9325809348692 17.8591611326604
20528 15.7227067623384 16.7152780821633
20529 17.0843275721802 18.0171580871505
20530 16.5816254525642 17.5894051520655
20531 17.011692728765 17.9360670260836
20532 15.3625620706893 16.3293309534917
20533 14.3017512937094 15.3641154347082
20534 15.1279564221848 16.0689352187119
20535 16.5986646168007 17.4106194798024
20536 17.0927709002697 17.9780387376263
20537 15.9305683432692 16.7962829445923
20538 17.2012020856166 18.1506657487977
20539 16.1786054700917 17.2548889108473
20540 15.43193906491 16.5297803755145
20541 16.3692873224276 17.3628425277702
20542 16.5078684275405 17.5040495027286
20543 14.6023681243338 15.4873160122989
20544 16.418904035224 17.205878956561
20545 16.3931402696934 17.3162286741077
20546 17.2413651064507 18.2900384836984
20547 15.9352801675893 16.8851629104806
20548 15.2103807365885 16.2266660947041
20549 15.8877686560327 16.8121101185365
20550 16.5952361637964 17.5346407307612
20551 16.2967655489301 17.2278652949322
20552 16.311658313992 17.3038511313076
20553 16.9420048351004 17.8871406915404
20554 15.4142370576024 16.2727311524233
20555 15.4522613695544 16.4016757931731
20556 16.4816650952696 17.4616247449134
20557 16.4869950205583 17.5084881087079
20558 15.6629428958275 16.5310183586405
20559 15.6563432253026 16.6027745363687
20560 17.4738092959882 18.3453302994445
20561 16.3940150098056 17.2848873355904
20562 15.6258202498128 16.5605077803318
20563 16.3856340683391 17.376579614718
20564 15.7577099126733 16.8253752742235
20565 16.127224153603 17.0633247543745
20566 15.1263946928563 16.0799724488477
20567 16.9667200553768 17.8886788860913
20568 17.0046250612016 17.8755511926658
20569 16.4816883091549 17.4994004719807
20570 15.8092401567614 16.6808166369831
20571 16.8084134445865 17.7996223763843
20572 15.9577567122298 16.841589677816
20573 17.4119556502286 18.4556030485615
20574 16.0881813096912 17.0428988521709
20575 16.6147149628147 17.5870359631365
20576 16.3946516074076 17.3176413045456
20577 16.3467284045057 17.3909812304846
20578 16.1314691594637 17.0896263953159
20579 16.4242835413694 17.3481445862998
20580 16.067075762021 17.0653372766139
20581 15.0834587095635 16.0145302198079
20582 15.5980481464476 16.5331658111711
20583 16.0965256106826 16.9277506475621
20584 15.8828978950789 16.7556734762673
20585 15.4340935799339 16.422532276751
20586 15.3855709526566 16.4320117586729
20587 15.2626048921656 16.2597541081335
20588 16.017867111086 17.055649544047
20589 17.1797618065863 18.1930298498887
20590 17.5968107457104 18.4377805037566
20591 16.6345714490102 17.7035590025213
20592 15.9412129133644 16.8280031700062
20593 16.8158510977553 17.8083396120992
20594 16.5818134151463 17.504609333622
20595 16.5776774847869 17.5086501232897
20596 16.1543365883911 16.9861937282749
20597 15.2848620722699 16.3561039757015
20598 15.1124734786984 15.9320060521339
20599 16.1099182103772 17.0481997515214
20600 15.4015543969505 16.3440205039473
20601 16.7273471090382 17.6634388633828
20602 16.0868746705431 16.9747204360895
20603 16.6032961233636 17.6014787644059
20604 16.0404123911235 16.9826979338246
20605 16.2535957469591 17.2379575435656
20606 16.2437901871008 17.2290264593578
20607 15.7809922687319 16.7942999697154
20608 17.4305975011776 18.3049406094087
20609 17.4100359255258 18.4158214370753
20610 16.0819985376057 16.9573235400313
20611 16.1152150561418 17.1948681095716
20612 15.8458369213539 16.7980329318749
20613 16.0327447863774 17.114714231582
20614 17.4760616844046 18.4964043234977
20615 16.6103895181338 17.5973974725802
20616 15.6723500810053 16.620030404293
20617 15.5644747878043 16.447622844305
20618 15.8795171409114 16.9408209256719
20619 16.8105028019716 17.7423751717239
20620 16.2946202149505 17.245665690998
20621 16.4926393486544 17.3910950393459
20622 17.0917980675725 18.0870272300504
20623 15.3797011552908 16.3867066556969
20624 16.7312092036295 17.6210883984712
20625 15.7418667947072 16.7959883878733
20626 16.5199150711582 17.7023307448866
20627 16.0118219888352 16.8842284780381
20628 16.1298934651614 16.9615277734061
20629 15.4780870535286 16.3686252966499
20630 16.1891649364836 17.0729047705772
20631 16.8661233670574 17.75573917648
20632 15.6596067022446 16.635387009564
20633 16.8184602007781 17.7582536431366
20634 17.4581184594193 18.339587670938
20635 16.5818690765209 17.6413265808594
20636 16.9500541093409 17.934334692588
20637 15.3944027679686 16.3304858999963
20638 15.9415719548112 16.9330468181616
20639 16.5488101451191 17.5271332088563
20640 16.8395078544931 17.8767020678757
20641 16.4907113796555 17.5490254252689
20642 16.0621271405756 17.0444915406192
20643 14.7566781233294 15.8067496982274
20644 16.666525365672 17.7544499127315
20645 16.5286095677715 17.5370794351989
20646 16.9731552328219 17.9093331766664
20647 16.3225501001418 17.3278738418961
20648 17.0122385225748 18.0519218685325
20649 16.7058540340756 17.6782134523153
20650 15.9169612874024 16.856002635958
20651 16.4857228459967 17.3179876417298
20652 16.5939072630623 17.5367389800626
20653 15.8758440246392 16.7071590868332
20654 15.9614182540415 16.9524105684962
20655 15.8092963208474 16.7979655299337
20656 16.448541772873 17.2619022811404
20657 16.3865119628681 17.3189285276997
20658 16.1283428924854 17.0734397886093
20659 16.8909701664909 17.8980794872014
20660 15.8699179094976 16.8819747824334
20661 16.9931415854982 17.9801406935176
20662 16.435900904147 17.3277951042439
20663 17.2169183407534 18.2290652390038
20664 16.6428683887714 17.6267461359253
20665 16.0274825281906 17.051718309997
20666 16.7221815568103 17.6687932330977
20667 16.8266344785824 17.7770576602265
20668 15.5336855802889 16.4607515602696
20669 16.0600479055633 16.9324787618209
20670 16.6290904566155 17.448623030051
20671 17.2358622875736 18.165119487624
20672 17.5807032090544 18.5785061383952
20673 15.0103141789151 16.0660391445062
20674 16.6211871878597 17.61366848237
20675 17.1555367795754 18.1548478379459
20676 15.1666076708056 16.0110930532503
20677 16.6631273711301 17.6159056727459
20678 16.2182733005444 17.1517305627266
20679 15.588934772038 16.5306053455521
20680 16.884490703069 17.7505314183441
20681 17.3289687116899 18.2053130522986
20682 17.2354257315843 18.1547882046153
20683 16.2713534689273 17.1988173088607
20684 15.6688777750702 16.6604143767041
20685 16.2008233094105 17.1868580263346
20686 15.9098701660193 16.9483811982314
20687 15.6082716553907 16.6050520197911
20688 16.3932129601826 17.2131899021732
20689 16.0756996704562 16.884456041672
20690 15.9853639078407 16.9928388294294
20691 16.2126174359168 17.0884555390707
20692 16.06623302519 17.0876906732636
20693 17.1981807728796 18.0732004944427
20694 16.4674461980638 17.4431332763408
20695 16.5212737319744 17.4983131903638
20696 17.2383475321932 18.1995936841329
20697 16.0719132216481 17.0662541369727
20698 14.5073472716183 15.4654144821558
20699 16.1752939945615 17.1013182724064
20700 17.0733160492401 17.9412274858203
20701 16.2523109119023 17.2092292571009
20702 16.550394724085 17.4489285303862
20703 15.9604977793649 16.9497423660209
20704 16.1267813905735 17.1692163801012
20705 16.3251852913505 17.2089229526394
20706 16.303658979111 17.2964558356018
20707 15.1204608897073 16.1303193535267
20708 16.2544723995083 17.1253417191397
20709 16.415754625475 17.3540356041669
20710 16.4090613252789 17.365675184399
20711 16.4686929881505 17.3581226855176
20712 14.933298496785 15.8597699423279
20713 16.4870664070958 17.4432611865058
20714 16.8297578827826 17.7663735266561
20715 16.1548629704428 17.2082416624891
20716 16.0667589498551 17.0673507943226
20717 16.4165711544317 17.4014984453631
20718 17.845465495537 18.8961591052846
20719 17.1943339987236 18.1220499297091
20720 16.6655793683073 17.5440595033503
20721 16.2154915257304 17.0975625769996
20722 16.5715586128437 17.5752229829793
20723 16.5084011631154 17.4357500482271
20724 17.1502907774488 18.0427819294495
20725 15.1064432774937 16.0322273684153
20726 16.4688549328882 17.3744116362864
20727 16.3715535081442 17.3633389037852
20728 15.5869555193424 16.5175786227126
20729 15.0450507773203 16.0607742174522
20730 16.3250797324755 17.3226428434869
20731 17.7008602196301 18.7333773783799
20732 15.507708154915 16.5033265550288
20733 15.9520979130999 17.0568254191737
20734 15.6534602699777 16.5974489447251
20735 16.8924814417681 17.7726413426224
20736 16.808174310986 17.7439532210811
20737 17.5055336153365 18.4865479830688
20738 16.3892990423233 17.391768482385
20739 15.6280772713851 16.6163345746811
20740 16.4430807163247 17.3904651758509
20741 15.990144892606 17.0424802441444
20742 15.4872381798063 16.4196215311562
20743 15.9812549700756 16.9771318233312
20744 15.018814476237 16.0420658747476
20745 17.1133301046372 18.1811187049837
20746 15.0403703761567 15.923463301738
20747 15.3810336958897 16.1817317243816
20748 15.6825488950199 16.5590472382895
20749 16.4436925419678 17.2578974508846
20750 16.4673830255391 17.4268062709001
20751 15.5542970183844 16.4529423366412
20752 16.2744614766151 17.1537026782411
20753 15.8719347963254 16.8180545382833
20754 16.7349209653065 17.9082289986717
20755 16.2041270960371 17.1165154487032
20756 15.1611138712327 16.2958432163382
20757 15.9385317096123 16.9391941503348
20758 15.3061008255896 16.2991265693398
20759 16.8623568563274 17.8516247934742
20760 15.647799503185 16.6670385677153
20761 16.8826065444505 17.8140625742552
20762 16.3752644393259 17.265635568437
20763 16.880536328679 17.8115305211847
20764 15.8093471424535 16.7413470427313
20765 17.9524056080333 18.8718362410824
20766 14.8126474571831 15.8644087560667
20767 16.7089809587961 17.7591065262762
20768 15.7253527110066 16.5924524897584
20769 16.1471424478646 17.0428429061338
20770 16.5207937290475 17.6382920279874
20771 18.1448063811825 19.0211507217912
20772 16.8651936967854 17.9441746029879
20773 16.8505117136518 17.8326088386434
20774 14.6729500413583 15.6282832700169
20775 16.9772886226432 17.9589136071054
20776 16.32495931188 17.2597347429325
20777 16.056138592313 16.9134581974374
20778 16.4084960940811 17.3583832067686
20779 15.9515919488045 16.9522973335427
20780 16.5551924735489 17.5496015488915
20781 16.2102476745201 17.1714938264597
20782 15.1366378791765 16.0907018395218
20783 15.7978785615747 16.7253005657094
20784 16.2533108459705 17.2690803508373
20785 16.7717004081965 17.6441770129526
20786 15.7823581628859 16.7863250886768
20787 17.6070366698216 18.3691005094442
20788 16.267582027436 17.3097446121563
20789 15.8547150888107 16.9103158593482
20790 16.459625104879 17.5807163005092
20791 17.7486859234251 18.7240209722834
20792 16.8259025221263 17.9315185110963
20793 16.731440367823 17.6891097184078
20794 16.458242705357 17.563944883827
20795 15.9120158363775 17.1134448112099
20796 16.3961349712038 17.2776990958838
20797 15.6536950198255 16.6782770240627
20798 14.87038127182 15.8036190798526
20799 15.4540652063643 16.2886860067081
20800 15.5850226218518 16.5262818201281
20801 15.2345639881828 16.1192233989533
20802 16.0050839387769 16.8234277428669
20803 16.5467451553787 17.5300848573036
20804 15.5375367966957 16.3666405355445
20805 16.4193827157207 17.3929414129371
20806 16.8450349364855 17.8289126836394
20807 16.9348676568674 18.0529371758644
20808 15.3905942177033 16.3251416015996
20809 15.6799848149013 16.7464929308292
20810 16.40311793843 17.4090170324644
20811 16.6207635406153 17.5673632632229
20812 17.4998144727558 18.5575495557553
20813 16.4328294250831 17.419738507788
20814 16.391152063145 17.3000604207177
20815 14.9468574009512 15.9382806267797
20816 17.4484390797896 18.3818963419719
20817 16.0868814422541 17.1999516926038
20818 15.9817907095129 16.9006353169968
20819 16.4734749801319 17.5094742901498
20820 16.0044955493146 17.0038010356215
20821 14.6530081874183 15.4869801537685
20822 15.1795449529687 16.2303223663344
20823 17.1006746224199 18.1005993477736
20824 16.1744852514129 17.1680788445482
20825 17.8858469562246 18.9365380180297
20826 16.5186621216383 17.4573495825998
20827 15.8286008127275 16.8052992229971
20828 16.8074939476265 17.6961502385862
20829 15.8815679729045 16.8059094354083
20830 16.2950195398553 17.2501330439782
20831 15.9076292307624 16.9328682055771
20832 15.5422083837108 16.4696084392381
20833 15.8579166503953 16.8119806107406
20834 15.8842650534275 16.8823440608115
20835 16.2973827087533 17.3934373409737
20836 15.8884679686506 16.699705022308
20837 16.6786822340572 17.7006693437234
20838 16.4879348954006 17.5985518961976
20839 15.9575544241526 16.9479465302437
20840 16.3646839277303 17.356876745046
20841 16.663939337372 17.6038634516753
20842 15.6515407143952 16.6598302166014
20843 17.6505583206926 18.6055574666876
20844 16.7064067848217 17.7226800889001
20845 16.3800593192505 17.3758012001943
20846 16.8526620749719 17.9357814410395
20847 16.2404535901725 17.165192912629
20848 16.5586489206043 17.55084173792
20849 16.990893030486 18.0782580675967
20850 15.990469755366 16.8647339538228
20851 14.7917016105715 15.9044278083813
20852 16.7053261689128 17.5693873709025
20853 16.7948748973918 17.7479807607142
20854 16.1723097870607 17.2650547214312
20855 17.2345374953007 18.0596668440942
20856 15.9200364540756 16.8583170734296
20857 16.8634874756876 17.9241267455551
20858 15.750380346307 16.6402595190365
20859 15.3300072122648 16.2286525305216
20860 16.0211766250493 16.9147854320706
20861 15.8979075251117 16.8599042105055
20862 15.7796896312023 16.646615832224
20863 16.4880161728142 17.4350156536842
20864 16.126179085753 17.0630625419328
20865 16.7909095544566 17.8675813329271
20866 16.6000856249534 17.5521326424247
20867 16.8569188119669 17.806021425097
20868 16.6103444253311 17.5096230033726
20869 15.4905979669129 16.5325511360232
20870 17.4610344849755 18.3193832893464
20871 17.7516264031332 18.6698367116437
20872 16.40136475562 17.2331834855988
20873 17.3142585672338 18.2652579785463
20874 16.4265731999095 17.4845297880988
20875 16.9264759096301 17.7606310210085
20876 16.1845519624683 17.1644783986304
20877 16.3550471984579 17.2584642363646
20878 15.9198504595716 16.9363125516993
20879 17.5224238619903 18.6487124406707
20880 16.3641988123351 17.3144113619481
20881 15.9941398994838 16.989843392635
20882 16.0963822401653 17.2070086203697
20883 16.2944508520583 17.4063484818948
20884 16.0357497019397 16.9578412320172
20885 16.1677704121687 17.2205860549272
20886 16.9382441195845 17.8306259454752
20887 15.9911091292192 16.9231104627671
20888 15.773062622637 16.6105693003828
20889 16.9661954395947 17.9438777353821
20890 17.1400703622053 18.140443277371
20891 16.1192649855157 17.0631373998666
20892 15.4935095826976 16.3110353216474
20893 16.3615151679866 17.2461454363897
20894 15.7419240446638 16.6801892786178
20895 16.4648474809986 17.4004792393542
20896 16.4258841256168 17.3104196796159
20897 15.6727909397848 16.691416740081
20898 16.9393883655168 17.9927455657285
20899 17.9152367477903 18.8458502894386
20900 15.8297930097021 16.782321221916
20901 16.1910696154619 17.2443582821935
20902 17.0648578098435 18.0077288862184
20903 16.1456997452579 17.140774197225
20904 16.969709283994 17.8591610671839
20905 15.8988461921727 16.9161934070835
20906 15.7779569448428 16.8278107104172
20907 14.8819206620754 15.770111468789
20908 15.8781929564418 16.7563815640369
20909 16.2098414338996 17.2629964359822
20910 16.3509472496287 17.2476957697031
20911 17.2783984343022 18.2721023939759
20912 16.5085694833674 17.4273240655367
20913 15.5523368406815 16.4361007103353
20914 16.4602888439626 17.4598591362394
20915 15.2533204830482 16.2515819976412
20916 16.0856019255968 16.9629057846685
20917 16.1811922213298 17.1730509345339
20918 17.2796784034091 18.1777893115105
20919 15.6399677063776 16.5621550538213
20920 16.2906796095516 17.2319191096312
20921 16.0457831513953 16.9450065985175
20922 16.3702059730823 17.3026793497468
20923 16.7360807866425 17.7843904639013
20924 15.9630524161981 16.9444239054703
20925 14.6252786369922 15.5347459870477
20926 14.6612555823036 15.600193132667
20927 15.2557485360351 16.190453535298
20928 15.6800480652466 16.5607035224839
20929 15.1396616096726 16.1338168613181
20930 16.9179345139735 17.9124876255717
20931 16.3830246470717 17.360120917294
20932 16.6449784861538 17.6366750553587
20933 17.3652638608974 18.3511890580844
20934 16.4107259653375 17.2375240651572
20935 16.1511708928675 17.202259252173
20936 16.855584487069 17.7473093819504
20937 16.4052332432226 17.3442992066932
20938 15.4697156743776 16.4561215229406
20939 16.7246099871438 17.6449516504434
20940 17.2090915409305 18.1861878111527
20941 16.4740945652104 17.5194658183798
20942 16.1645223887807 17.0952251093731
20943 17.9074097085568 18.7879013554576
20944 17.8238114968752 18.7590883669831
20945 16.5846729999226 17.4544868327618
20946 17.4029627113401 18.2637970707849
20947 17.0791504475238 17.903858378068
20948 16.1282388200977 17.0675502683707
20949 15.7634848013613 16.9190903200381
20950 16.3142835170561 17.3223555245308
20951 15.7202372030918 16.7144824800519
20952 16.323367879024 17.3222810774418
20953 16.1315670280422 17.0024950578161
20954 16.1245316501701 17.0068721482848
20955 16.2880599620161 17.2301222452809
20956 17.5100392414716 18.389190417783
20957 15.9689308667849 16.9619482302518
20958 15.8083383759593 16.7674632298683
20959 15.7114299991194 16.5857481477988
20960 15.3319321946282 16.303137810387
20961 16.3228981243064 17.2205595570454
20962 17.2153794192729 18.1021940429695
20963 17.0490529176046 17.9730357485047
20964 15.89146438779 16.9702028090376
20965 15.898329091493 16.7776267307384
20966 15.4835060159997 16.4701072640665
20967 18.124799489356 19.0862957306976
20968 16.5526596791303 17.6017667829101
20969 15.9548178567726 16.8963812769813
20970 16.0431195083897 17.0896301240835
20971 16.2618938236804 17.3188908934067
20972 16.6867957138607 17.6239507848605
20973 17.1418606686195 18.1962232461835
20974 16.4906370268192 17.4823003825423
20975 15.1804972901878 16.2863004280313
20976 16.0463049381979 17.0816632981086
20977 16.6251301781384 17.6443916436897
20978 16.9918584351799 18.0451471019116
20979 16.8762163013049 17.8308579127586
20980 15.9680204224763 16.9416107216847
20981 16.8475619128332 17.6547625028166
20982 15.1054628915069 15.9414040393599
20983 16.3515093254393 17.3466650363721
20984 15.6695214539502 16.5626882357201
20985 16.4606043697431 17.459621378132
20986 15.4042731892147 16.2756846238108
20987 16.5269030753781 17.7064329255625
20988 16.3354787971361 17.4257553333695
20989 17.1850314857661 18.1711032722403
20990 16.2107662579303 17.1521695563924
20991 15.0926492812386 15.9695454844609
20992 16.5563928250437 17.6706123613702
20993 15.6931112030628 16.7401977660143
20994 16.6497864056352 17.6493579681156
20995 16.295250370321 17.230347470661
20996 15.112476481171 15.935733200641
20997 17.4075125450891 18.3302226727422
20998 15.7489226195689 16.6979898944363
20999 15.8854631601247 16.8893282016951
21000 16.1295546607152 17.2157965971526
