20001 15.8720420059054 15.9425600497973
20002 16.8465108604723 16.9183912923912
20003 16.1130662869449 16.1849467188638
20004 17.3751257240576 17.4406470824716
20005 16.4552554435771 16.525773487469
20006 16.1055823904574 16.2328596740182
20007 16.7439501898706 16.8712274734313
20008 16.9578389950874 17.0224441156982
20009 16.1891163643536 16.3163936479144
20010 16.8088146635173 16.8806950954362
20011 15.1527564323005 15.216992835326
20012 16.989486176176 17.0600042200679
20013 16.7794104187072 16.851290850626
20014 16.4620403273016 16.5339207592205
20015 16.1871633983407 16.2590438302596
20016 16.8265683666593 16.8970864105512
20017 16.5411572046416 16.6130376365605
20018 16.6277760235963 16.7688121113801
20019 15.5255891672403 15.5974695991591
20020 14.8304594951595 14.9009775390514
20021 15.6840555912579 15.8113328748186
20022 16.5126423282931 16.584522760212
20023 16.4694878576397 16.5413682895586
20024 15.9859232776522 16.0501596806777
20025 15.5759146670268 15.6477950989456
20026 14.896970966917 14.9673156507045
20027 18.0601609227335 18.2039217865712
20028 16.2083380993604 16.3520989631982
20029 16.0263649555303 16.0982453874492
20030 15.0626025472312 15.1331205911231
20031 16.3852013494935 16.4570817814123
20032 17.1314311392059 17.2721205067809
20033 16.549920554546 16.6167496139352
20034 16.6248963559201 16.696776787839
20035 14.6505421618522 14.7210602057441
20036 15.4419882442528 15.5125062881447
20037 16.3238666267911 16.3942113105786
20038 15.9767372681508 16.0470819519383
20039 15.8006084992022 15.8711265430941
20040 15.6910031860052 15.8347640498429
20041 16.6524863166382 16.7230043605301
20042 16.9559461745576 17.0262908583451
20043 15.653446194676 15.7176825977015
20044 15.0181687129131 15.0886867568051
20045 15.800778018279 15.8650144213045
20046 15.4014026307991 15.473283062718
20047 16.5288110323861 16.599329076278
20048 15.8760180118871 16.0167073794621
20049 16.4066541005023 16.4771721443942
20050 15.0494168303919 15.1212972623108
20051 16.4813274618142 16.6220168293891
20052 15.9909922796394 16.0628727115583
20053 15.8231571342248 15.8936751781167
20054 17.8543814245184 17.9186178275439
20055 16.9761837293279 17.0480641612468
20056 16.4882807752799 16.5601612071988
20057 15.5825992685044 15.7263601323422
20058 17.6177583677575 17.6896387996764
20059 16.323329218382 16.3938472622739
20060 16.5488051087638 16.6130415117893
20061 15.7360750863294 15.8079555182482
20062 16.582798076808 16.6533161206999
20063 15.7682689212891 15.8386136050766
20064 16.0295639968136 16.1014444287324
20065 16.7467057587898 16.8751785648409
20066 15.9978097082343 16.1262825142853
20067 16.0529571908245 16.11719359385
20068 16.1453525236934 16.2172329556122
20069 17.7969839228686 17.8673286066561
20070 15.4891408284622 15.6329016922999
20071 15.3108661812633 15.3827466131822
20072 14.6386413579312 14.7089860417186
20073 15.3577043180308 15.4295847499497
20074 16.8068244034254 16.8773424473173
20075 15.4522857444274 15.5165221474529
20076 15.9734280706824 16.0453085026012
20077 16.4536512988187 16.5255317307375
20078 15.989436113502 16.0599541573939
20079 16.7421250517468 16.8140054836657
20080 16.1651203668414 16.2356384107333
20081 16.5522420897377 16.6227601336296
20082 16.2751076466998 16.3454523304873
20083 16.0199675195244 16.0867965789135
20084 16.5891777399122 16.6596957838041
20085 15.978245023733 16.0485897075205
20086 16.3400747756551 16.4104194594426
20087 16.3818676396018 16.4522123233893
20088 15.8115909631721 15.8819356469596
20089 16.0015634496794 16.1288407332401
20090 16.4890607964608 16.5609412283796
20091 17.3038466496487 17.3743646935406
20092 16.4394593224758 16.5113397543947
20093 16.03364895063 16.1055293825489
20094 15.7759744314768 15.8478548633957
20095 17.20887998234 17.337352788391
20096 17.0519696489758 17.1238500808946
20097 16.1807716692427 16.2526521011616
20098 17.6621664126494 17.7340468445683
20099 16.3485788291719 16.4204592610908
20100 15.7191436123472 15.7894882961347
20101 17.0726901898299 17.1445706217488
20102 16.936984750627 17.0073294344145
20103 15.8459139314663 15.9177943633852
20104 16.1426582571246 16.2145386890434
20105 17.5942637406665 17.6647817845584
20106 15.4399980354398 15.5118784673587
20107 16.3311444746615 16.4030249065803
20108 17.000818360098 17.0711630438855
20109 16.2947080236484 16.3652260675403
20110 16.0169797311025 16.0888601630213
20111 17.8642837801648 17.9285201831903
20112 15.4472889602561 15.5745662438169
20113 17.2443057249594 17.3853418127432
20114 16.8914536426051 16.9619716864971
20115 14.9779098428012 15.04979027472
20116 17.2786760604027 17.3505564923216
20117 16.7178552098273 16.8463280158783
20118 16.5203451675861 16.5922255995049
20119 16.3468931835958 16.4174112274877
20120 16.1918265448619 16.2623445887538
20121 17.5855349061809 17.6574153380998
20122 15.8296382600698 15.9015186919886
20123 17.6555189336702 17.7260369775621
20124 15.6781279963164 15.7486460402083
20125 16.7567380787014 16.8272561225933
20126 16.5447005921247 16.6152186360167
20127 17.3640980527881 17.4309271121773
20128 16.5603440407114 16.6308620846033
20129 16.9525475348378 17.0230655787297
20130 16.4740681509032 16.5459485828221
20131 15.9073255481507 15.9792059800696
20132 16.0036176701802 16.068222790791
20133 16.1550189551175 16.2255369990094
20134 15.6228722993094 15.6933903432013
20135 16.1463685629393 16.2168866068312
20136 17.122317853455 17.1941982853739
20137 16.5855193073809 16.6573997392997
20138 15.6408251730513 15.7111698568388
20139 16.4980535904262 16.569934022345
20140 16.7833460465804 16.8552264784993
20141 15.7780026690386 15.8498831009575
20142 14.9189211128148 14.9908015447336
20143 15.881871190268 15.9537516221869
20144 16.7218809195911 16.7922256033786
20145 16.3553829906769 16.4259010345688
20146 15.7293000265653 15.8703361143491
20147 14.6860849462085 14.7579653781274
20148 16.627986231622 16.6922226346475
20149 15.8743141483051 15.9389192689159
20150 16.7152672301588 16.7857852740507
20151 16.650496961128 16.7223773930469
20152 16.279349804745 16.3512302366639
20153 16.5491362766778 16.6776090827288
20154 17.0105942627409 17.0824746946598
20155 15.7722846109307 15.9133206987145
20156 16.857535234041 16.9278799178285
20157 16.3051545027357 16.3770349346546
20158 16.3585723060672 16.4304527379861
20159 17.0644410525364 17.1363214844553
20160 15.1316892090836 15.2754500729214
20161 16.0529760700719 16.1802533536326
20162 17.0905299548438 17.2178072384045
20163 16.403860629297 16.4743786731889
20164 16.5896558404539 16.6601738843458
20165 16.1458358972628 16.2743087033138
20166 15.5114098891396 15.5819279330316
20167 16.6391811940483 16.7060102534374
20168 16.5905551721069 16.6610732159988
20169 16.6972477993766 16.7640768587657
20170 15.696381690242 15.8374177780258
20171 15.8930570230172 16.036817886855
20172 15.5289237882134 15.5994418321053
20173 15.7789030998033 15.8494211436952
20174 16.7352325441088 16.8625098276695
20175 16.6499453903095 16.7218258222283
20176 15.3223661323211 15.3942465642399
20177 16.0161667938659 16.0880472257848
20178 16.7176500658331 16.789530497752
20179 16.2582478992665 16.3301283311854
20180 16.1685769785932 16.309613066377
20181 15.0381593306339 15.1654366141946
20182 16.2752898976012 16.34717032952
20183 15.9730693942227 16.0449498261416
20184 16.3548674262169 16.4191038292424
20185 14.5882283247522 14.6601087566711
20186 15.9309459198425 16.0014639637344
20187 15.9155454313541 15.9874258632729
20188 16.3768053394215 16.4486857713403
20189 17.827643837331 17.9549211208917
20190 17.3154877390288 17.3873681709476
20191 16.5934366934482 16.6653171253671
20192 16.2162356324653 16.2867536763572
20193 16.1079906552935 16.1785086991854
20194 16.4097229046661 16.481603336585
20195 15.4389396765673 15.5108201084862
20196 16.1241230538112 16.1896444122252
20197 16.6407106104512 16.7125910423701
20198 15.2794576776908 15.3499757215827
20199 15.4893765143798 15.5536129174053
20200 17.0288702353333 17.1007506672522
20201 15.104628613097 15.1751466569889
20202 15.9820465593628 16.0462829623883
20203 16.8016975556509 16.86852661504
20204 17.2870301328956 17.4307909967334
20205 16.7811336898126 16.8514783736001
20206 16.4363396724331 16.5068577163251
20207 16.019681844168 16.0915622760868
20208 17.5239319298306 17.6512092133913
20209 17.3265641698686 17.3920855282826
20210 16.9406491652404 17.0125295971593
20211 18.0079759947328 18.0798564266517
20212 16.5488911841648 16.6192358679523
20213 16.3532474828668 16.4805247664275
20214 16.096857385084 16.1687378170029
20215 16.5122120308349 16.5827300747268
20216 15.4025013228299 15.4743817547488
20217 15.4088003703907 15.4730367734161
20218 17.0319104493965 17.1037908813153
20219 16.4358434345545 16.5077238664734
20220 17.3392501504697 17.4038552710805
20221 16.9513260027422 17.015931123353
20222 17.5598006345736 17.6316810664925
20223 15.5230582504742 15.5949386823931
20224 17.6685712727059 17.7390893165978
20225 17.2367846101666 17.3086650420855
20226 16.9806871920561 17.051205235948
20227 16.2007745330194 16.2726549649382
20228 16.2159749673245 16.2878553992434
20229 16.0229396528336 16.1502169363944
20230 16.558870132192 16.6307505641108
20231 16.6327540157725 16.7032720596644
20232 15.5394703396343 15.6098150234218
20233 16.0834854500555 16.153830133843
20234 16.065001616416 16.1368820483349
20235 15.9704678085405 16.0423482404594
20236 16.0871349995401 16.159015431459
20237 16.1166563148407 16.1885367467596
20238 16.2511607971234 16.3230412290423
20239 15.9005250293639 15.9724054612827
20240 15.3690704362254 15.5128313000632
20241 15.8665412966609 15.9938185802217
20242 17.4184758948268 17.4903563267456
20243 15.8023068976404 15.8726515814279
20244 16.9636817857128 17.0355622176317
20245 15.7257143760912 15.7960590598787
20246 15.8088550321452 15.8807354640641
20247 16.0809835167477 16.1513282005352
20248 18.3952009981933 18.4657190420852
20249 15.7400712493641 15.811951681283
20250 17.8485312393446 17.9204116712635
20251 15.1666820103931 15.238562442312
20252 16.0754644728216 16.1458091566092
20253 16.019821781038 16.0903398249299
20254 16.6234264280459 16.6876628310714
20255 15.9833532047347 16.0552336366536
20256 16.1469578946765 16.217302578464
20257 16.8811287456607 16.9530091775795
20258 15.8858834949948 16.0143563010458
20259 17.1378174849325 17.2096979168514
20260 16.7280104341553 16.7985284780472
20261 15.4820441896894 15.611254430911
20262 16.550183856302 16.6205285400895
20263 16.466857118476 16.5387375503949
20264 15.0943897844202 15.2381506482579
20265 17.1991850171342 17.2660140765233
20266 16.087031944108 16.1589123760269
20267 15.8079470531201 15.9352243366809
20268 17.8574918785059 17.9280099223978
20269 15.3870772671844 15.5281133549682
20270 15.8270405126125 15.8989209445314
20271 16.7380680089589 16.804897068348
20272 16.862387168187 16.9327318519745
20273 15.9005062448096 15.9723866767285
20274 15.9131341919273 15.9850146238461
20275 16.6499215514535 16.7218019833723
20276 15.9167594121664 15.9822807705803
20277 16.9619559657414 17.0338363976602
20278 16.4038406964986 16.4706697558878
20279 16.6763281219715 16.8036054055322
20280 15.7974119840103 15.8692924159292
20281 16.7991674775622 16.871047909481
20282 15.9515825856878 16.0926186734716
20283 17.0836308432131 17.155511275132
20284 16.6510265669843 16.7215446108762
20285 14.9034530866926 14.9753335186115
20286 15.607893279893 15.6797737118118
20287 15.9493024949943 16.0198205388862
20288 14.6767851831347 14.7471298669222
20289 16.9181773166906 16.9886953605825
20290 16.1427559419716 16.2700332255323
20291 15.6201421627854 15.6920225947043
20292 16.0263621817911 16.0967068655786
20293 16.4878476783897 16.5583657222816
20294 15.6160565457583 15.6879369776772
20295 14.9309731693174 15.0013178531049
20296 15.6085301481279 15.6790481920199
20297 15.7658735482306 15.8362182320181
20298 16.1010987792282 16.242134867012
20299 15.2570000565431 15.3212364595687
20300 16.4609477542732 16.525552874884
20301 17.2112927111618 17.2818107550537
20302 16.7252727591219 16.8525500426826
20303 16.8917080962821 16.9620527800696
20304 16.2605203881219 16.3247567911474
20305 16.1893886484621 16.2536250514876
20306 16.2065451497379 16.3338224332986
20307 16.0655797391366 16.1374601710555
20308 15.5644258652917 15.6312549246808
20309 17.2888578845076 17.4161351680683
20310 17.2364066573438 17.3069247012357
20311 16.8163334871858 16.8866781709733
20312 16.8654718037977 16.9359898476896
20313 17.0131536490223 17.0836716929142
20314 16.2491937848486 16.3210742167674
20315 16.1145621442958 16.1864425762147
20316 15.927085538877 16.055558344928
20317 16.36628978713 16.4305261901555
20318 16.3239912212455 16.3945092651374
20319 14.5322017233309 14.6040821552497
20320 15.6749844137907 15.8086425325689
20321 16.5390023841898 16.6095204280817
20322 17.4740542668377 17.6013315503984
20323 15.8905104865962 16.034271350434
20324 16.9220431376519 16.9866482582628
20325 15.9828844879539 16.0534025318458
20326 15.6425044215873 15.7071095421981
20327 15.4968558520737 15.5672005358612
20328 16.2228655724951 16.3513383785461
20329 16.9512709521833 17.0217889960752
20330 16.9227547303953 16.9930994141828
20331 17.1094970582028 17.1800151020947
20332 15.4070346445463 15.534311928107
20333 17.2676302467472 17.411391110585
20334 15.6852311831124 15.7571116150313
20335 16.2389318530482 16.3094498969402
20336 16.9201470683571 16.992027500276
20337 16.3489278365977 16.4926887004355
20338 16.4501236669911 16.5206417108831
20339 16.5833597151969 16.650188774586
20340 16.8653445330737 16.9356892168612
20341 16.1332343634031 16.1974707664286
20342 16.4761431724212 16.5429722318103
20343 15.5336938311281 15.6774546949658
20344 16.5741917300926 16.6460721620114
20345 16.7183226557628 16.8620835196006
20346 15.5930845408024 15.6636025846943
20347 16.1222128598814 16.1890419192706
20348 16.4515275573739 16.5234079892928
20349 15.9548849110011 16.02676534292
20350 16.4086498595521 16.4805302914709
20351 16.6467380622713 16.7170827460588
20352 17.2408936426901 17.312774074609
20353 16.077551594616 16.1494320265349
20354 16.4518382282176 16.5221829120051
20355 16.5566108887237 16.6284913206425
20356 16.3245204339377 16.4655565217215
20357 16.6786411656189 16.8224020294566
20358 16.3739063110897 16.4442509948772
20359 15.278630901616 15.3505113335349
20360 17.1909840678409 17.2615021117328
20361 16.0280131599766 16.0983578437641
20362 16.3446974366847 16.4150421204722
20363 16.7322393617702 16.804119793689
20364 15.7734292205476 15.8437739043352
20365 17.1363941688918 17.2069122127837
20366 16.9811123091084 17.0516303530003
20367 17.3283897963155 17.4721506601532
20368 15.3066760476577 15.3770207314452
20369 15.5227679166355 15.5946483485543
20370 16.2409990169864 16.3115170608783
20371 14.9999477323967 15.0718281643156
20372 16.1853734925579 16.2558915364498
20373 15.9772415504197 16.1210024142575
20374 15.6783206951636 15.7486653789511
20375 15.5287093043984 15.6005897363173
20376 16.2142523582781 16.2784887613036
20377 16.8297436118369 16.9016240437558
20378 16.3229816884513 16.3898107478404
20379 15.8594421693506 15.9299602132425
20380 17.0321356099322 17.1026536538241
20381 16.0303774115712 16.1008954554631
20382 17.1832527878314 17.3105300713921
20383 17.1784188107912 17.2489368546831
20384 15.8057587677001 15.9495196315379
20385 16.2178328884417 16.3615937522795
20386 17.6956136916841 17.767494123603
20387 16.1850469380488 16.2492833410743
20388 16.7278134813323 16.7981581651198
20389 16.4670582118818 16.5375762557737
20390 17.0644937009752 17.136374132894
20391 17.3181628954335 17.3900433273523
20392 16.7432955816397 16.8138136255317
20393 16.6490872023829 16.7775600084339
20394 15.2792805989687 15.3511610308876
20395 15.6798871914642 15.8071644750249
20396 16.3017315698602 16.4302043759112
20397 16.5791239192136 16.6510043511325
20398 16.8566861017618 16.9285665336807
20399 16.5702509745529 16.6407690184449
20400 15.3982903947041 15.5420512585419
20401 15.5973223210027 15.6692027529216
20402 15.572897175127 15.6447776070459
20403 16.7483304982365 16.812566901262
20404 15.0609007330119 15.1327811649307
20405 15.4477553645893 15.5196357965082
20406 15.4513930175417 15.5798658235927
20407 16.4633247444356 16.5275611474611
20408 16.0701730811877 16.2112091689716
20409 15.871649131802 15.9419938155895
20410 17.0903270779287 17.1608451218206
20411 16.484035208027 16.612508014078
20412 16.1734916679372 16.2453720998561
20413 16.8098193643715 16.9382921704225
20414 16.6257474234735 16.696092107261
20415 15.8591803353095 15.9296983792014
20416 14.6419176580997 14.7124357019916
20417 16.7978658137118 16.8697462456307
20418 17.037048590376 17.1808094542138
20419 15.7237200515781 15.7879564546036
20420 15.4473763687833 15.5192568007022
20421 16.6592150903603 16.8002511781441
20422 16.4887153248761 16.559233368768
20423 16.3847746349912 16.4552926788831
20424 16.0777867788151 16.2050640623758
20425 15.2354601966048 15.3073406285237
20426 15.2590622617304 15.3236673823412
20427 16.7220360724979 16.7939165044168
20428 16.9334109145974 17.0052913465163
20429 17.0005300177767 17.0660513761906
20430 17.5433911910442 17.6152716229631
20431 14.8348875532692 14.9054055971611
20432 15.8126626674894 15.8768990705149
20433 16.8365893735469 16.9008257765724
20434 15.7343994011916 15.8062798331105
20435 16.0386919448235 16.1105723767423
20436 15.0019851731566 15.0725032170485
20437 15.6160471675712 15.6865652114631
20438 16.1620743935397 16.2339548254585
20439 15.6148536533036 15.6853716971955
20440 16.0007375617861 16.072617993705
20441 15.9007183475375 15.9725987794564
20442 15.0847726958208 15.1551173796083
20443 15.93762475926 16.0081428031519
20444 16.0050685690732 16.0769490009921
20445 16.6178733575851 16.688391401477
20446 15.631343993614 15.7018620375059
20447 15.8127686457169 15.9565295095546
20448 16.7038602943812 16.7743783382731
20449 15.901310878123 15.9718289220149
20450 17.7146645206823 17.8557006084661
20451 16.1756790466613 16.2461970905532
20452 16.934532396002 17.0050504398939
20453 15.3984026757757 15.4630077963865
20454 16.0569495750733 16.1288300069922
20455 16.6936835438751 16.7579199469006
20456 15.877965943689 15.9498463756079
20457 15.5587711268164 15.6230075298419
20458 15.8668406055128 15.9387210374316
20459 16.9517944488424 17.0221391326299
20460 16.2042067117037 16.2760871436225
20461 16.4518440749055 16.5223621187974
20462 16.1035731600453 16.1678095630708
20463 16.13332296991 16.2052034018288
20464 15.5675334068702 15.6380514507622
20465 16.5634151949478 16.6337598787353
20466 16.5551336559991 16.627014087918
20467 16.3041719495226 16.3760523814414
20468 15.4332003623155 15.5050807942343
20469 16.0147309352699 16.0866113671888
20470 17.3113911065584 17.4551519703962
20471 15.0155632563797 15.0860813002716
20472 17.002110514209 17.0724551979965
20473 16.5382142169691 16.6789035845441
20474 15.8174493498053 15.9581387173803
20475 16.8892690349734 16.9597870788653
20476 15.8108151167661 15.9380924003268
20477 15.8175965200455 15.9448738036063
20478 15.6981124835328 15.8418733473705
20479 16.5752737466788 16.6471541785977
20480 15.8967624002408 15.9672804441327
20481 15.7264043145633 15.7982847464822
20482 15.7334047540608 15.8052851859797
20483 16.2172004594236 16.2890808913424
20484 15.6682521989527 15.7401326308715
20485 16.0711425684313 16.1984198519921
20486 15.9664720254037 16.0368167091912
20487 16.3812331626991 16.5249940265369
20488 17.1648638977117 17.2921411812724
20489 17.1381784379933 17.265455721554
20490 16.1795886742481 16.251469106167
20491 15.2029263413233 15.2748067732422
20492 16.5104616840778 16.5808063678653
20493 16.8994933487556 16.9700113926475
20494 17.593413877937 17.6576502809625
20495 16.9738523467464 17.0457327786652
20496 16.6841596539903 16.7545043377778
20497 16.8851857890388 16.9494221920643
20498 16.510562964803 16.5824433967218
20499 16.9963134896492 17.0666581734367
20500 16.9757242748833 17.0460689586708
20501 16.8541499141355 16.9260303460544
20502 17.3156617724838 17.3860064562713
20503 17.104546128174 17.1764265600929
20504 15.8369404831271 15.907458527019
20505 16.5419876611412 16.6125057050331
20506 15.6852516843247 15.8290125481625
20507 16.4308163590537 16.5026967909726
20508 15.8237618219943 15.8956422539132
20509 15.7464517474081 15.8902126112459
20510 15.8525177514008 15.9797950349615
20511 16.6683633911092 16.7388814350011
20512 17.4880278369698 17.6153051205306
20513 16.2671983215343 16.3340273809235
20514 17.7985646245621 17.870445056481
20515 16.7792241119184 16.8434605149439
20516 16.7878854201411 16.8582301039286
20517 15.8814328343754 15.9519508782673
20518 16.1467703328927 16.2172883767846
20519 16.3086561452804 16.3805365771993
20520 16.732422512555 16.8027671963425
20521 16.957078906005 17.0289593379239
20522 15.4722104465834 15.5427284904753
20523 15.8258648254095 15.890101228435
20524 15.4398366871196 15.5040730901451
20525 16.3572492214922 16.429129653411
20526 16.7286499668003 16.855927250361
20527 16.9325809348692 17.0732703024442
20528 15.7227067623384 15.7945871942573
20529 17.0843275721802 17.1562080040991
20530 16.5816254525642 16.7223148201392
20531 17.011692728765 17.0820374125525
20532 15.3625620706893 15.4344425026082
20533 14.3017512937094 14.4424406612844
20534 15.1279564221848 15.1998368541037
20535 16.5986646168007 16.6691826606926
20536 17.0927709002697 17.1646513321886
20537 15.9305683432692 15.9948047462947
20538 17.2012020856166 17.2717201295085
20539 16.1786054700917 16.3223663339295
20540 15.43193906491 15.5756999287477
20541 16.3692873224276 16.4411677543465
20542 16.5078684275405 16.5797488594594
20543 14.6023681243338 14.6742485562527
20544 16.418904035224 16.4907844671429
20545 16.3931402696934 16.4650207016123
20546 17.2413651064507 17.3081941658398
20547 15.9352801675893 16.079041031427
20548 15.2103807365885 15.2822611685073
20549 15.8877686560327 15.9520050590582
20550 16.5952361637964 16.6657542076883
20551 16.2967655489301 16.368645980849
20552 16.311658313992 16.3821763578839
20553 16.9420048351004 17.0138852670192
20554 15.4142370576024 15.4810661169915
20555 15.4522613695544 15.5241418014733
20556 16.4816650952696 16.5459014982951
20557 16.4869950205583 16.5588754524772
20558 15.6629428958275 15.733287579615
20559 15.6563432253026 15.7268612691945
20560 17.4738092959882 17.5380456990137
20561 16.3940150098056 16.4658954417245
20562 15.6258202498128 15.6963382937047
20563 16.3856340683391 16.4559787521266
20564 15.7577099126733 15.8282279565652
20565 16.127224153603 16.1991045855218
20566 15.1263946928563 15.1969127367482
20567 16.9667200553768 17.0372380992687
20568 17.0046250612016 17.068861464227
20569 16.4816883091549 16.5522063530468
20570 15.8092401567614 15.8811205886802
20571 16.8084134445865 16.8789314884784
20572 15.9577567122298 16.0296371441487
20573 17.4119556502286 17.5392329337893
20574 16.0881813096912 16.2319421735289
20575 16.6147149628147 16.6865953947335
20576 16.3946516074076 16.4588880104331
20577 16.3467284045057 16.4170730882933
20578 16.1314691594637 16.2033495913826
20579 16.4242835413694 16.4911126007585
20580 16.067075762021 16.1389561939398
20581 15.0834587095635 15.1553391414824
20582 15.5980481464476 15.6683928302351
20583 16.0965256106826 16.1684060426015
20584 15.8828978950789 15.9532425788664
20585 15.4340935799339 15.5044382637214
20586 15.3855709526566 15.4574513845755
20587 15.2626048921656 15.3344853240844
20588 16.017867111086 16.1451443946467
20589 17.1797618065863 17.2516422385052
20590 17.5968107457104 17.6686911776293
20591 16.6345714490102 16.775607536794
20592 15.9412129133644 16.0130933452833
20593 16.8158510977553 16.8877315296742
20594 16.5818134151463 16.709090698707
20595 16.5776774847869 16.6495579167058
20596 16.1543365883911 16.2262170203099
20597 15.2848620722699 15.3553801161618
20598 15.1124734786984 15.1828181624859
20599 16.1099182103772 16.1804362542691
20600 15.4015543969505 15.5422437645255
20601 16.7273471090382 16.7992275409571
20602 16.0868746705431 16.158755102462
20603 16.6032961233636 16.6751765552825
20604 16.0404123911235 16.1109304350154
20605 16.2535957469591 16.324113790851
20606 16.2437901871008 16.3156706190196
20607 15.7809922687319 15.8528727006508
20608 17.4305975011776 17.5009421849651
20609 17.4100359255258 17.4803806093133
20610 16.0819985376057 16.1538789695246
20611 16.1152150561418 16.1870954880607
20612 15.8458369213539 15.9163549652458
20613 16.0327447863774 16.1600220699381
20614 17.4760616844046 17.5479421163235
20615 16.6103895181338 16.7376668016945
20616 15.6723500810053 15.7442305129241
20617 15.5644747878043 15.6363552197232
20618 15.8795171409114 15.9513975728302
20619 16.8105028019716 16.8773318613607
20620 16.2946202149505 16.4383810787883
20621 16.4926393486544 16.5631573925463
20622 17.0917980675725 17.1636784994914
20623 15.3797011552908 15.4502191991827
20624 16.7312092036295 16.8030896355484
20625 15.7418667947072 15.813747226626
20626 16.5199150711582 16.660951158942
20627 16.0118219888352 16.0786510482244
20628 16.1298934651614 16.2017738970803
20629 15.4780870535286 15.5486050974205
20630 16.1891649364836 16.2595096202711
20631 16.8661233670574 16.9380037989762
20632 15.6596067022446 15.7868839858053
20633 16.8184602007781 16.88897824467
20634 17.4581184594193 17.5286365033112
20635 16.5818690765209 16.6537495084398
20636 16.9500541093409 17.0203987931284
20637 15.3944027679686 15.4662831998875
20638 15.9415719548112 16.0134523867301
20639 16.5488101451191 16.6760874286798
20640 16.8395078544931 16.9667851380538
20641 16.4907113796555 16.5625918115744
20642 16.0621271405756 16.1894044241364
20643 14.7566781233294 14.8209145263549
20644 16.666525365672 16.7384057975909
20645 16.5286095677715 16.6004899996903
20646 16.9731552328219 17.0450356647408
20647 16.3225501001418 16.3930681440337
20648 17.0122385225748 17.0825832063623
20649 16.7058540340756 16.7700904371011
20650 15.9169612874024 15.9888417193213
20651 16.4857228459967 16.5562408898886
20652 16.5939072630623 16.6657876949812
20653 15.8758440246392 15.947724456558
20654 15.9614182540415 16.0332986859603
20655 15.8092963208474 15.8796410046348
20656 16.448541772873 16.5188864566605
20657 16.3865119628681 16.458392394787
20658 16.1283428924854 16.2002233244043
20659 16.8909701664909 17.0320062542747
20660 15.8699179094976 15.9417983414164
20661 16.9931415854982 17.0573779885236
20662 16.435900904147 16.5077813360659
20663 17.2169183407534 17.2887987726723
20664 16.6428683887714 16.7071047917969
20665 16.0274825281906 16.0993629601095
20666 16.7221815568103 16.7926996007022
20667 16.8266344785824 16.8971525224743
20668 15.5336855802889 15.5979219833144
20669 16.0600479055633 16.1268769649524
20670 16.6290904566155 16.699435140403
20671 17.2358622875736 17.3063803314655
20672 17.5807032090544 17.7244640728921
20673 15.0103141789151 15.082194610834
20674 16.6211871878597 16.6930676197786
20675 17.1555367795754 17.2274172114942
20676 15.1666076708056 15.2384881027245
20677 16.6631273711301 16.7350078030489
20678 16.2182733005444 16.2901537324632
20679 15.588934772038 15.6608152039569
20680 16.884490703069 16.9487271060945
20681 17.3289687116899 17.3993133954774
20682 17.2354257315843 17.2996621346098
20683 16.2713534689273 16.3355898719528
20684 15.6688777750702 15.7407582069891
20685 16.2008233094105 16.271167993198
20686 15.9098701660193 16.03714744958
20687 15.6082716553907 15.6801520873096
20688 16.3932129601826 16.4650933921015
20689 16.0756996704562 16.1399360734817
20690 15.9853639078407 16.1291247716784
20691 16.2126174359168 16.2829621197043
20692 16.06623302519 16.1935103087507
20693 17.1981807728796 17.2685254566671
20694 16.4674461980638 16.5316826010893
20695 16.5212737319744 16.6485510155351
20696 17.2383475321932 17.3102279641121
20697 16.0719132216481 16.143793653567
20698 14.5073472716183 14.5792277035372
20699 16.1752939945615 16.2408153529754
20700 17.0733160492401 17.1401451086292
20701 16.2523109119023 16.3960717757401
20702 16.550394724085 16.6209127679769
20703 15.9604977793649 16.0877750629256
20704 16.1267813905735 16.197126074361
20705 16.3251852913505 16.3970657232694
20706 16.303658979111 16.3755394110299
20707 15.1204608897073 15.2642217535451
20708 16.2544723995083 16.3187088025338
20709 16.415754625475 16.4862726693669
20710 16.4090613252789 16.5528221891167
20711 16.4686929881505 16.5405734200694
20712 14.933298496785 15.0051789287039
20713 16.4870664070958 16.5575844509877
20714 16.8297578827826 16.9002759266745
20715 16.1548629704428 16.2253810143347
20716 16.0667589498551 16.1386393817739
20717 16.4165711544317 16.4808075574572
20718 17.845465495537 17.986154863112
20719 17.1943339987236 17.2648520426155
20720 16.6655793683073 16.7374598002262
20721 16.2154915257304 16.2858362095179
20722 16.5715586128437 16.6420766567356
20723 16.5084011631154 16.6356784466761
20724 17.1502907774488 17.2208088213407
20725 15.1064432774937 15.1710483981045
20726 16.4688549328882 16.5393729767801
20727 16.3715535081442 16.4418981919317
20728 15.5869555193424 15.6574735632343
20729 15.0450507773203 15.1169312092392
20730 16.3250797324755 16.4688405963133
20731 17.7008602196301 17.7650966226556
20732 15.507708154915 15.5795885868339
20733 15.9520979130999 16.0813081543215
20734 15.6534602699777 15.7941496375527
20735 16.8924814417681 16.96299948566
20736 16.808174310986 16.8786923548779
20737 17.5055336153365 17.6328108988973
20738 16.3892990423233 16.4598170862152
20739 15.6280772713851 15.699957703304
20740 16.4430807163247 16.5149611482436
20741 15.990144892606 16.0606629364979
20742 15.4872381798063 15.5591186117252
20743 15.9812549700756 16.0517730139675
20744 15.018814476237 15.0906949081559
20745 17.1133301046372 17.1838481485291
20746 15.0403703761567 15.1107150599442
20747 15.3810336958897 15.4452700989152
20748 15.6825488950199 15.7544293269388
20749 16.4436925419678 16.5155729738867
20750 16.4673830255391 16.6111438893769
20751 15.5542970183844 15.6261774503032
20752 16.2744614766151 16.344979520507
20753 15.8719347963254 15.9438152282443
20754 16.7349209653065 16.8759570530903
20755 16.2041270960371 16.276007527956
20756 15.1611138712327 15.3018032388077
20757 15.9385317096123 16.0104121415312
20758 15.3061008255896 15.3779812575085
20759 16.8623568563274 16.9265932593529
20760 15.647799503185 15.7196799351039
20761 16.8826065444505 16.9544869763694
20762 16.3752644393259 16.4471448712448
20763 16.880536328679 16.9508810124665
20764 15.8093471424535 15.8761762018426
20765 17.9524056080333 18.0166420110588
20766 14.8126474571831 14.883165501075
20767 16.7089809587961 16.779499002688
20768 15.7253527110066 15.7972331429255
20769 16.1471424478646 16.2190228797835
20770 16.5207937290475 16.591138412835
20771 18.1448063811825 18.21515106497
20772 16.8651936967854 16.9370741287043
20773 16.8505117136518 16.9777889972125
20774 14.6729500413583 14.7448304732772
20775 16.9772886226432 17.0441176820323
20776 16.32495931188 16.3968397437989
20777 16.056138592313 16.1280190242318
20778 16.4084960940811 16.480376526
20779 15.9515919488045 16.0221099926964
20780 16.5551924735489 16.6270729054677
20781 16.2102476745201 16.282128106439
20782 15.1366378791765 15.2085183110954
20783 15.7978785615747 15.8647076209638
20784 16.2533108459705 16.3970717098082
20785 16.7717004081965 16.842045091984
20786 15.7823581628859 15.8528762067778
20787 17.6070366698216 17.6789171017405
20788 16.267582027436 16.3381000713279
20789 15.8547150888107 15.9252331327026
20790 16.459625104879 16.6033859687168
20791 17.7486859234251 17.8129223264506
20792 16.8259025221263 16.8901389251518
20793 16.731440367823 16.8033207997419
20794 16.458242705357 16.5287607492489
20795 15.9120158363775 15.9838962682963
20796 16.3961349712038 16.4680154031227
20797 15.6536950198255 15.7255754517444
20798 14.87038127182 14.9349863924308
20799 15.4540652063643 15.5259456382831
20800 15.5850226218518 15.6555406657437
20801 15.2345639881828 15.3050820320747
20802 16.0050839387769 16.0769643706958
20803 16.5467451553787 16.6170898391662
20804 15.5375367966957 15.6080548405876
20805 16.4193827157207 16.5466599992814
20806 16.8450349364855 16.909271339511
20807 16.9348676568674 17.0053857007593
20808 15.3905942177033 15.4609389014908
20809 15.6799848149013 15.7503294986887
20810 16.40311793843 16.5441540262139
20811 16.6207635406153 16.6912815845072
20812 17.4998144727558 17.5703325166477
20813 16.4328294250831 16.4970658281086
20814 16.391152063145 16.4553884661705
20815 14.9468574009512 15.0187378328701
20816 17.4484390797896 17.5203195117085
20817 16.0868814422541 16.157399486146
20818 15.9817907095129 16.1090679930736
20819 16.4734749801319 16.5438196639194
20820 16.0044955493146 16.0750135932065
20821 14.6530081874183 14.7235262313102
20822 15.1795449529687 15.2500629968606
20823 17.1006746224199 17.1711926663118
20824 16.1744852514129 16.2463656833318
20825 17.8858469562246 17.9500833592501
20826 16.5186621216383 16.5891801655302
20827 15.8286008127275 15.9558780962882
20828 16.8074939476265 16.8793743795454
20829 15.8815679729045 15.94580437593
20830 16.2950195398553 16.3668999717742
20831 15.9076292307624 15.9795096626812
20832 15.5422083837108 15.6125530674983
20833 15.8579166503953 15.9297970823142
20834 15.8842650534275 15.9547830973194
20835 16.2973827087533 16.3677273925409
20836 15.8884679686506 15.9588126524381
20837 16.6786822340572 16.8059595176179
20838 16.4879348954006 16.5598153273195
20839 15.9575544241526 16.0294348560715
20840 16.3646839277303 16.4352019716222
20841 16.663939337372 16.804628704947
20842 15.6515407143952 15.7234211463141
20843 17.6505583206926 17.7912476882676
20844 16.7064067848217 16.8474428726055
20845 16.3800593192505 16.4504040030381
20846 16.8526620749719 16.9245425068908
20847 16.2404535901725 16.304689993198
20848 16.5586489206043 16.6291669644962
20849 16.990893030486 17.1181703140468
20850 15.990469755366 16.0550748759768
20851 14.7917016105715 14.8635820424904
20852 16.7053261689128 16.7772066008317
20853 16.7948748973918 16.8653929412838
20854 16.1723097870607 16.2995870706214
20855 17.2345374953007 17.3050555391926
20856 15.9200364540756 15.9919168859945
20857 16.8634874756876 16.9340055195795
20858 15.750380346307 15.8222607782259
20859 15.3300072122648 15.4018876441837
20860 16.0211766250493 16.0916946689412
20861 15.8979075251117 15.9697879570306
20862 15.7796896312023 15.8465186905914
20863 16.4880161728142 16.559896604733
20864 16.126179085753 16.1907842063638
20865 16.7909095544566 16.9346704182943
20866 16.6000856249534 16.7407749925284
20867 16.8569188119669 16.9274368558588
20868 16.6103444253311 16.6822248572499
20869 15.4905979669129 15.6343588307506
20870 17.4610344849755 17.5883117685363
20871 17.7516264031332 17.8158628061587
20872 16.40136475562 16.4732451875388
20873 17.3142585672338 17.3861389991527
20874 16.4265731999095 16.4970912438014
20875 16.9264759096301 16.9983563415489
20876 16.1845519624683 16.2487883654938
20877 16.3550471984579 16.4269276303768
20878 15.9198504595716 16.0605398271467
20879 17.5224238619903 17.6661847258281
20880 16.3641988123351 16.436079244254
20881 15.9941398994838 16.0644845832713
20882 16.0963822401653 16.1682626720842
20883 16.2944508520583 16.3649688959502
20884 16.0357497019397 16.1003548225505
20885 16.1677704121687 16.2382884560606
20886 16.9382441195845 17.0101245515034
20887 15.9911091292192 16.0629895611381
20888 15.773062622637 15.8449430545559
20889 16.9661954395947 17.0304318426202
20890 17.1400703622053 17.2105884060972
20891 16.1192649855157 16.1911454174345
20892 15.4935095826976 15.5640276265895
20893 16.3615151679866 16.4320332118785
20894 15.7419240446638 15.8124420885557
20895 16.4648474809986 16.5353655248905
20896 16.4258841256168 16.4962288094043
20897 15.6727909397848 15.7446713717036
20898 16.9393883655168 17.0049097239308
20899 17.9152367477903 17.9855814315778
20900 15.8297930097021 15.900311053594
20901 16.1910696154619 16.2615876593538
20902 17.0648578098435 17.1353758537354
20903 16.1456997452579 16.2162177891498
20904 16.969709283994 17.0415897159129
20905 15.8988461921727 16.0398822799565
20906 15.7779569448428 15.8421933478682
20907 14.8819206620754 15.0256815259132
20908 15.8781929564418 15.9500733883607
20909 16.2098414338996 16.3383142399506
20910 16.3509472496287 16.4214652935206
20911 17.2783984343022 17.3502788662211
20912 16.5085694833674 16.6358467669281
20913 15.5523368406815 15.6242172726004
20914 16.4602888439626 16.5321692758815
20915 15.2533204830482 15.3252009149671
20916 16.0856019255968 16.1559466093843
20917 16.1811922213298 16.2515369051173
20918 17.2796784034091 17.351558835328
20919 15.6399677063776 15.7042041094031
20920 16.2906796095516 16.3625600414704
20921 16.0457831513953 16.1163011952873
20922 16.3702059730823 16.4420864050012
20923 16.7360807866425 16.8065988305344
20924 15.9630524161981 16.027657536809
20925 14.6252786369922 14.6971590689111
20926 14.6612555823036 14.7331360142225
20927 15.2557485360351 15.326266579927
20928 15.6800480652466 15.7503927490341
20929 15.1396616096726 15.2115420415914
20930 16.9179345139735 16.9898149458924
20931 16.3830246470717 16.5103019306324
20932 16.6449784861538 16.7154965300457
20933 17.3652638608974 17.4925411444581
20934 16.4107259653375 16.4812440092294
20935 16.1511708928675 16.215407295893
20936 16.855584487069 16.9274649189879
20937 16.4052332432226 16.4771136751415
20938 15.4697156743776 15.5415961062965
20939 16.7246099871438 16.7914390465329
20940 17.2090915409305 17.3363688244912
20941 16.4740945652104 16.5459749971293
20942 16.1645223887807 16.2291275093915
20943 17.9074097085568 17.9777543923443
20944 17.8238114968752 17.8943295407671
20945 16.5846729999226 16.6489094029481
20946 17.4029627113401 17.5302399949008
20947 17.0791504475238 17.1496684914157
20948 16.1282388200977 16.2719996839355
20949 15.7634848013613 15.890762084922
20950 16.3142835170561 16.386163948975
20951 15.7202372030918 15.7921176350106
20952 16.323367879024 16.3952483109428
20953 16.1315670280422 16.2034474599611
20954 16.1245316501701 16.1948763339576
20955 16.2880599620161 16.358578005908
20956 17.5100392414716 17.5805572853635
20957 15.9689308667849 16.0392755505724
20958 15.8083383759593 15.9493744637431
20959 15.7114299991194 15.7833104310382
20960 15.3319321946282 15.4038126265471
20961 16.3228981243064 16.3947785562253
20962 17.2153794192729 17.2872598511917
20963 17.0490529176046 17.1775257236556
20964 15.89146438779 16.0352252516277
20965 15.898329091493 15.9688471353848
20966 15.4835060159997 15.5477424190252
20967 18.124799489356 18.2685603531937
20968 16.5526596791303 16.6245401110491
20969 15.9548178567726 16.0266982886914
20970 16.0431195083897 16.1073559114152
20971 16.2618938236804 16.3324118675723
20972 16.6867957138607 16.7586761457796
20973 17.1418606686195 17.2123787125114
20974 16.4906370268192 16.5611550707111
20975 15.1804972901878 15.3089700962388
20976 16.0463049381979 16.1735822217586
20977 16.6251301781384 16.7688910419762
20978 16.9918584351799 17.0623764790718
20979 16.8762163013049 16.9480967332238
20980 15.9680204224763 16.111781286314
20981 16.8475619128332 16.9117983158587
20982 15.1054628915069 15.1773433234258
20983 16.3515093254393 16.4233897573582
20984 15.6695214539502 15.7398661377377
20985 16.4606043697431 16.532484801662
20986 15.4042731892147 15.4761536211336
20987 16.5269030753781 16.598783507297
20988 16.3354787971361 16.3997152001617
20989 17.1850314857661 17.2492678887916
20990 16.2107662579303 16.2826466898492
20991 15.0926492812386 15.1645297131574
20992 16.5563928250437 16.6282732569626
20993 15.6931112030628 15.7636292469547
20994 16.6497864056352 16.7201310894227
20995 16.295250370321 16.3620794297101
20996 15.112476481171 15.1843569130898
20997 17.4075125450891 17.4743416044782
20998 15.7489226195689 15.8208030514878
20999 15.8854631601247 15.9573435920436
21000 16.1295546607152 16.273315524553
