20001 15.8720420059054 17.9613262578386
20002 16.8465108604723 18.8482777222665
20003 16.1130662869449 17.9915068289482
20004 17.3751257240576 19.2100501295677
20005 16.4552554435771 18.2944230420215
20006 16.1055823904574 17.9907322605272
20007 16.7439501898706 18.6692409381516
20008 16.9578389950874 18.6787639072604
20009 16.1891163643536 17.965607484212
20010 16.8088146635173 18.6671506303311
20011 15.1527564323005 16.9263408318672
20012 16.989486176176 18.7215574064969
20013 16.7794104187072 18.6823827648296
20014 16.4620403273016 18.3531445812437
20015 16.1871633983407 17.817287934176
20016 16.8265683666593 18.7307125533677
20017 16.5411572046416 18.3317675745806
20018 16.6277760235963 18.5464496372683
20019 15.5255891672403 17.160362625615
20020 14.8304594951595 16.8058177936238
20021 15.6840555912579 17.5046249336914
20022 16.5126423282931 18.3190199096267
20023 16.4694878576397 18.2681761275195
20024 15.9859232776522 17.8145029687913
20025 15.5759146670268 17.5501094900851
20026 14.896970966917 16.7302135843909
20027 18.0601609227335 19.9538444810097
20028 16.2083380993604 18.168615162952
20029 16.0263649555303 17.9499499359603
20030 15.0626025472312 17.0111625534029
20031 16.3852013494935 18.1527619785467
20032 17.1314311392059 19.0419354299688
20033 16.549920554546 18.4451989174111
20034 16.6248963559201 18.4214738442041
20035 14.6505421618522 16.793022678134
20036 15.4419882442528 17.4696759799348
20037 16.3238666267911 18.1211175451618
20038 15.9767372681508 17.6622806590058
20039 15.8006084992022 17.7271675362372
20040 15.6910031860052 17.6294793188351
20041 16.6524863166382 18.4377221884558
20042 16.9559461745576 18.5541379535086
20043 15.653446194676 17.475869699187
20044 15.0181687129131 16.7466037011854
20045 15.800778018279 17.7441016017524
20046 15.4014026307991 17.351524486741
20047 16.5288110323861 18.4362554848752
20048 15.8760180118871 17.6268463410798
20049 16.4066541005023 18.249711453345
20050 15.0494168303919 16.962952769198
20051 16.4813274618142 18.4416586368396
20052 15.9909922796394 17.6350053630323
20053 15.8231571342248 17.841285472246
20054 17.8543814245184 19.681700385945
20055 16.9761837293279 19.0035411928589
20056 16.4882807752799 18.3414738333367
20057 15.5825992685044 17.5548713304297
20058 17.6177583677575 19.5626013980709
20059 16.323329218382 18.2861766350361
20060 16.5488051087638 18.3854787664957
20061 15.7360750863294 17.6629864626156
20062 16.582798076808 18.3728674910376
20063 15.7682689212891 17.5663098798448
20064 16.0295639968136 17.8777118643788
20065 16.7467057587898 18.7491803986162
20066 15.9978097082343 17.9455001439924
20067 16.0529571908245 17.947554942136
20068 16.1453525236934 17.9907985071665
20069 17.7969839228686 19.6989908730011
20070 15.4891408284622 17.357482274056
20071 15.3108661812633 17.2969777481521
20072 14.6386413579312 16.4105845475974
20073 15.3577043180308 17.1437812912487
20074 16.8068244034254 18.5653816966619
20075 15.4522857444274 17.2375633096769
20076 15.9734280706824 17.9662262144237
20077 16.4536512988187 18.2820616449156
20078 15.989436113502 17.8619602263505
20079 16.7421250517468 18.8407097730324
20080 16.1651203668414 18.2298422242431
20081 16.5522420897377 18.5197119022626
20082 16.2751076466998 17.8982362867546
20083 16.0199675195244 17.5938091917174
20084 16.5891777399122 18.4009468976534
20085 15.978245023733 17.7823622045767
20086 16.3400747756551 18.1787922708962
20087 16.3818676396018 18.4065535313524
20088 15.8115909631721 17.6189832170969
20089 16.0015634496794 17.8980126335953
20090 16.4890607964608 18.3752397222398
20091 17.3038466496487 19.1043608572227
20092 16.4394593224758 18.133875904231
20093 16.03364895063 17.6715545503789
20094 15.7759744314768 17.8831620905333
20095 17.20887998234 18.884981655112
20096 17.0519696489758 19.0820278552184
20097 16.1807716692427 17.9840780990283
20098 17.6621664126494 19.6450895034712
20099 16.3485788291719 18.1941862320448
20100 15.7191436123472 17.5646498609939
20101 17.0726901898299 18.8867068930429
20102 16.936984750627 18.7756059927478
20103 15.8459139314663 17.9748766049842
20104 16.1426582571246 17.9989882662771
20105 17.5942637406665 19.4421922676526
20106 15.4399980354398 17.3068944761778
20107 16.3311444746615 18.3207171261041
20108 17.000818360098 18.9346275711115
20109 16.2947080236484 18.3217940406345
20110 16.0169797311025 17.8894176611638
20111 17.8642837801648 19.7578946524559
20112 15.4472889602561 17.2782622767556
20113 17.2443057249594 19.3994628109798
20114 16.8914536426051 18.9272946444045
20115 14.9779098428012 16.8468964488124
20116 17.2786760604027 19.1774234236781
20117 16.7178552098273 18.7280983839351
20118 16.5203451675861 18.329775372253
20119 16.3468931835958 18.1461404723744
20120 16.1918265448619 18.1004744986705
20121 17.5855349061809 19.5637563798824
20122 15.8296382600698 17.845682492696
20123 17.6555189336702 19.5114246023272
20124 15.6781279963164 17.4076460982067
20125 16.7567380787014 18.4523199459438
20126 16.5447005921247 18.4037343398872
20127 17.3640980527881 19.3149053246775
20128 16.5603440407114 18.3983409822415
20129 16.9525475348378 18.6926524737147
20130 16.4740681509032 18.3931076303856
20131 15.9073255481507 17.7877490741231
20132 16.0036176701802 17.8871010045621
20133 16.1550189551175 17.8978413040975
20134 15.6228722993094 17.4656231747737
20135 16.1463685629393 18.1125251114316
20136 17.122317853455 18.8708395613862
20137 16.5855193073809 18.4944419807256
20138 15.6408251730513 17.5297447181358
20139 16.4980535904262 18.2369938993047
20140 16.7833460465804 18.6657999911771
20141 15.7780026690386 17.746102719017
20142 14.9189211128148 16.7718006600446
20143 15.881871190268 17.6621856260322
20144 16.7218809195911 18.5176152533496
20145 16.3553829906769 18.2095220399727
20146 15.7293000265653 17.6456260518465
20147 14.6860849462085 16.4814113200665
20148 16.627986231622 18.6264814379613
20149 15.8743141483051 17.7782426735511
20150 16.7152672301588 18.621280297533
20151 16.650496961128 18.6231187624638
20152 16.279349804745 18.2343061143414
20153 16.5491362766778 18.4408349467984
20154 17.0105942627409 18.988468090168
20155 15.7722846109307 17.8599855256373
20156 16.857535234041 18.5477270118303
20157 16.3051545027357 18.2325114179234
20158 16.3585723060672 18.3700322398842
20159 17.0644410525364 18.9673486760398
20160 15.1316892090836 17.0553359896013
20161 16.0529760700719 17.924194771108
20162 17.0905299548438 18.9500411813034
20163 16.403860629297 18.4798233027817
20164 16.5896558404539 18.5533175573621
20165 16.1458358972628 18.0992684379384
20166 15.5114098891396 17.3591957194593
20167 16.6391811940483 18.5005281732154
20168 16.5905551721069 18.3785785539784
20169 16.6972477993766 18.5472647508025
20170 15.696381690242 17.5147246284126
20171 15.8930570230172 17.9130415196283
20172 15.5289237882134 17.3975496900456
20173 15.7789030998033 17.5247981622319
20174 16.7352325441088 18.6161298594317
20175 16.6499453903095 18.4416708604821
20176 15.3223661323211 17.2268268746973
20177 16.0161667938659 17.8719540164718
20178 16.7176500658331 18.6359483439951
20179 16.2582478992665 18.1031946031362
20180 16.1685769785932 18.1391782825698
20181 15.0381593306339 16.8620505207968
20182 16.2752898976012 18.2437205631913
20183 15.9730693942227 17.7949493444881
20184 16.3548674262169 18.3500575531315
20185 14.5882283247522 16.4383498463034
20186 15.9309459198425 17.9970077862147
20187 15.9155454313541 17.7128797717586
20188 16.3768053394215 18.165157039705
20189 17.827643837331 19.6043996441142
20190 17.3154877390288 19.1512451742779
20191 16.5934366934482 18.4362618311569
20192 16.2162356324653 18.0559941800395
20193 16.1079906552935 18.11994558701
20194 16.4097229046661 18.3135126927411
20195 15.4389396765673 17.1561671549457
20196 16.1241230538112 18.0080893003836
20197 16.6407106104512 18.4027102855969
20198 15.2794576776908 17.2659516198721
20199 15.4893765143798 17.2593583893255
20200 17.0288702353333 18.9429032553514
20201 15.104628613097 17.0849150671813
20202 15.9820465593628 17.9365397054573
20203 16.8016975556509 18.6271605854269
20204 17.2870301328956 19.2074079255815
20205 16.7811336898126 18.6787209511858
20206 16.4363396724331 18.2247098857685
20207 16.019681844168 17.8370027537257
20208 17.5239319298306 19.4035673802078
20209 17.3265641698686 19.1646533931731
20210 16.9406491652404 18.9061630837272
20211 18.0079759947328 19.8660059395254
20212 16.5488911841648 18.5105967701098
20213 16.3532474828668 18.1909315470524
20214 16.096857385084 18.0677846593185
20215 16.5122120308349 18.2921443511059
20216 15.4025013228299 17.2186099301248
20217 15.4088003703907 17.3077220410324
20218 17.0319104493965 18.8920899904928
20219 16.4358434345545 18.3181042259186
20220 17.3392501504697 19.1195972852098
20221 16.9513260027422 18.9145602187515
20222 17.5598006345736 19.275017015236
20223 15.5230582504742 17.3270484364219
20224 17.6685712727059 19.6771637761768
20225 17.2367846101666 19.2083575039593
20226 16.9806871920561 19.0561808774505
20227 16.2007745330194 17.8861557718488
20228 16.2159749673245 18.0719629974037
20229 16.0229396528336 17.7832837459168
20230 16.558870132192 18.3246659887122
20231 16.6327540157725 18.5578187348938
20232 15.5394703396343 17.4514954375204
20233 16.0834854500555 17.9403904911873
20234 16.065001616416 17.9721018533961
20235 15.9704678085405 17.8147612906008
20236 16.0871349995401 17.9337976802621
20237 16.1166563148407 17.915490303885
20238 16.2511607971234 18.0458609497483
20239 15.9005250293639 17.7683736128642
20240 15.3690704362254 17.3706158545362
20241 15.8665412966609 17.6865478260976
20242 17.4184758948268 19.2682953970827
20243 15.8023068976404 17.5399367279803
20244 16.9636817857128 18.7053638936013
20245 15.7257143760912 17.619079254677
20246 15.8088550321452 17.7711849188398
20247 16.0809835167477 18.1425774699483
20248 18.3952009981933 20.3029120301728
20249 15.7400712493641 17.497558938968
20250 17.8485312393446 19.630780040341
20251 15.1666820103931 17.1328541911638
20252 16.0754644728216 18.0523588891535
20253 16.019821781038 18.0978171933292
20254 16.6234264280459 18.5210206534143
20255 15.9833532047347 17.8786148838089
20256 16.1469578946765 17.9522941571091
20257 16.8811287456607 18.8552008939108
20258 15.8858834949948 17.9461355058439
20259 17.1378174849325 18.9951239317955
20260 16.7280104341553 18.6441523107468
20261 15.4820441896894 17.4321810140741
20262 16.550183856302 18.4706683385247
20263 16.466857118476 18.1051332882294
20264 15.0943897844202 16.8978501577792
20265 17.1991850171342 18.9842054256404
20266 16.087031944108 17.9645279022744
20267 15.8079470531201 17.6991713415997
20268 17.8574918785059 19.7478869484641
20269 15.3870772671844 17.3661850740208
20270 15.8270405126125 17.7345003898434
20271 16.7380680089589 18.6357478987381
20272 16.862387168187 18.4854711357502
20273 15.9005062448096 17.7044610725509
20274 15.9131341919273 17.5470114610341
20275 16.6499215514535 18.6308032873725
20276 15.9167594121664 17.7002304447259
20277 16.9619559657414 19.0423342295442
20278 16.4038406964986 18.2480255202356
20279 16.6763281219715 18.6803150525031
20280 15.7974119840103 17.7071868722212
20281 16.7991674775622 18.7534668318545
20282 15.9515825856878 17.8152644722313
20283 17.0836308432131 19.0435601539587
20284 16.6510265669843 18.5573731436281
20285 14.9034530866926 16.8744342482488
20286 15.607893279893 17.2452266007831
20287 15.9493024949943 17.8550096435277
20288 14.6767851831347 16.4520667405649
20289 16.9181773166906 18.7010302150963
20290 16.1427559419716 18.0403583991805
20291 15.6201421627854 17.4217654350387
20292 16.0263621817911 17.8273904696334
20293 16.4878476783897 18.3300951399298
20294 15.6160565457583 17.5991375722958
20295 14.9309731693174 16.7366007126005
20296 15.6085301481279 17.5635788563884
20297 15.7658735482306 17.7373165840782
20298 16.1010987792282 18.0557770655563
20299 15.2570000565431 17.1423718365338
20300 16.4609477542732 18.2469350106943
20301 17.2112927111618 18.979772750871
20302 16.7252727591219 18.4937616787357
20303 16.8917080962821 18.6951742947214
20304 16.2605203881219 18.147995556984
20305 16.1893886484621 17.9483991598765
20306 16.2065451497379 18.1968517112205
20307 16.0655797391366 17.8528018167786
20308 15.5644258652917 17.3352817021833
20309 17.2888578845076 19.1073444383841
20310 17.2364066573438 19.2055981118678
20311 16.8163334871858 18.6057829834359
20312 16.8654718037977 18.7704335424462
20313 17.0131536490223 18.8826190689456
20314 16.2491937848486 18.1484873082231
20315 16.1145621442958 18.0173191062786
20316 15.927085538877 17.9408455357779
20317 16.36628978713 18.2021944617609
20318 16.3239912212455 18.234256267733
20319 14.5322017233309 16.430958308656
20320 15.6749844137907 17.5865814910371
20321 16.5390023841898 18.2810985063213
20322 17.4740542668377 19.3978761794727
20323 15.8905104865962 17.8167922284692
20324 16.9220431376519 18.8200730487902
20325 15.9828844879539 17.8821156182903
20326 15.6425044215873 17.6583879414509
20327 15.4968558520737 17.2846097400381
20328 16.2228655724951 18.2572028408827
20329 16.9512709521833 18.7072321721984
20330 16.9227547303953 18.8081167860275
20331 17.1094970582028 18.8997577957091
20332 15.4070346445463 17.3467048130288
20333 17.2676302467472 19.2092634015525
20334 15.6852311831124 17.4754406398856
20335 16.2389318530482 18.1989912281177
20336 16.9201470683571 18.8664253439149
20337 16.3489278365977 18.3883334467126
20338 16.4501236669911 18.4173871321092
20339 16.5833597151969 18.4252145701062
20340 16.8653445330737 18.7035750538124
20341 16.1332343634031 17.9746754138486
20342 16.4761431724212 18.4769503032653
20343 15.5336938311281 17.413101103244
20344 16.5741917300926 18.5396516138042
20345 16.7183226557628 18.6507762206031
20346 15.5930845408024 17.3773975708592
20347 16.1222128598814 18.0804857906875
20348 16.4515275573739 18.2191673291263
20349 15.9548849110011 17.8529156124885
20350 16.4086498595521 18.1432346014891
20351 16.6467380622713 18.3807753575569
20352 17.2408936426901 19.2079833589489
20353 16.077551594616 17.9990951083249
20354 16.4518382282176 18.2336082425283
20355 16.5566108887237 18.3645152828228
20356 16.3245204339377 18.3549298979974
20357 16.6786411656189 18.6124495769223
20358 16.3739063110897 18.3896856238351
20359 15.278630901616 17.0823612099301
20360 17.1909840678409 19.0467167202085
20361 16.0280131599766 17.9281536749899
20362 16.3446974366847 18.1939757229352
20363 16.7322393617702 18.5218782555611
20364 15.7734292205476 17.6334182252625
20365 17.1363941688918 19.017594252663
20366 16.9811123091084 19.0223317032303
20367 17.3283897963155 19.3697420438743
20368 15.3066760476577 16.9846853221296
20369 15.5227679166355 17.2640437359481
20370 16.2409990169864 18.2031356269377
20371 14.9999477323967 16.8435194042097
20372 16.1853734925579 17.8905685897831
20373 15.9772415504197 17.9309514815754
20374 15.6783206951636 17.4666312988585
20375 15.5287093043984 17.3404726085168
20376 16.2142523582781 18.1694908452354
20377 16.8297436118369 18.6678355530039
20378 16.3229816884513 18.2094212378943
20379 15.8594421693506 17.7585873480776
20380 17.0321356099322 19.0440854214868
20381 16.0303774115712 17.8926091015493
20382 17.1832527878314 19.1549220929712
20383 17.1784188107912 19.3182283348285
20384 15.8057587677001 17.7345251533753
20385 16.2178328884417 17.9312358881932
20386 17.6956136916841 19.4731566257366
20387 16.1850469380488 18.1764119435997
20388 16.7278134813323 18.6308001937282
20389 16.4670582118818 18.2707183551208
20390 17.0644937009752 18.9586815838285
20391 17.3181628954335 19.0743679246178
20392 16.7432955816397 18.7506736214983
20393 16.6490872023829 18.7224705922791
20394 15.2792805989687 17.0873325224433
20395 15.6798871914642 17.6554455420475
20396 16.3017315698602 18.2051040569564
20397 16.5791239192136 18.6259933672561
20398 16.8566861017618 18.6948009491048
20399 16.5702509745529 18.4182310966413
20400 15.3982903947041 17.4451366378991
20401 15.5973223210027 17.5592491336141
20402 15.572897175127 17.6171180887811
20403 16.7483304982365 18.593742537952
20404 15.0609007330119 16.7600747103083
20405 15.4477553645893 17.2947785011025
20406 15.4513930175417 17.3464074595226
20407 16.4633247444356 18.2347665772685
20408 16.0701730811877 17.9966170373095
20409 15.871649131802 17.7633238543717
20410 17.0903270779287 19.0544154158097
20411 16.484035208027 18.3907821926789
20412 16.1734916679372 18.2240528268362
20413 16.8098193643715 18.7013641400027
20414 16.6257474234735 18.5242747314608
20415 15.8591803353095 17.7691928085611
20416 14.6419176580997 16.5619992110594
20417 16.7978658137118 18.5458194146193
20418 17.037048590376 18.9797345526187
20419 15.7237200515781 17.6056879414273
20420 15.4473763687833 17.4384246074625
20421 16.6592150903603 18.5829309718462
20422 16.4887153248761 18.4391203151038
20423 16.3847746349912 18.1970913715564
20424 16.0777867788151 18.1052328552944
20425 15.2354601966048 17.1343813090775
20426 15.2590622617304 17.207390317097
20427 16.7220360724979 18.684089800969
20428 16.9334109145974 18.7164474406688
20429 17.0005300177767 18.8809397419264
20430 17.5433911910442 19.356929063304
20431 14.8348875532692 16.5852313140726
20432 15.8126626674894 17.545691380395
20433 16.8365893735469 18.9010068693729
20434 15.7343994011916 17.4834105838297
20435 16.0386919448235 17.9393529171901
20436 15.0019851731566 16.8201963424507
20437 15.6160471675712 17.5932923620716
20438 16.1620743935397 18.0567942345577
20439 15.6148536533036 17.5276025031237
20440 16.0007375617861 17.8471785992278
20441 15.9007183475375 17.9029935707549
20442 15.0847726958208 16.8225021271113
20443 15.93762475926 17.8670427361453
20444 16.0050685690732 17.9210436328464
20445 16.6178733575851 18.5372357068346
20446 15.631343993614 17.3945236153662
20447 15.8127686457169 17.7839659337737
20448 16.7038602943812 18.6701846931534
20449 15.901310878123 17.6933261955833
20450 17.7146645206823 19.7318476343879
20451 16.1756790466613 18.0316679132787
20452 16.934532396002 18.7303396078085
20453 15.3984026757757 17.2906457019305
20454 16.0569495750733 18.0605142562313
20455 16.6936835438751 18.5834046118519
20456 15.877965943689 17.5773879218359
20457 15.5587711268164 17.5003778138932
20458 15.8668406055128 17.9070703494744
20459 16.9517944488424 18.7369735871441
20460 16.2042067117037 18.0572913229618
20461 16.4518440749055 18.4384842636381
20462 16.1035731600453 17.9888162050563
20463 16.13332296991 17.762591504349
20464 15.5675334068702 17.4846544976021
20465 16.5634151949478 18.463463341475
20466 16.5551336559991 18.4605715590952
20467 16.3041719495226 18.0810256028634
20468 15.4332003623155 17.1842787101841
20469 16.0147309352699 17.6008753347475
20470 17.3113911065584 19.3458363397662
20471 15.0155632563797 17.0005832952436
20472 17.002110514209 18.9659717244147
20473 16.5382142169691 18.3317601413234
20474 15.8174493498053 17.6729883416959
20475 16.8892690349734 18.6494751496191
20476 15.8108151167661 17.6883583636711
20477 15.8175965200455 17.4871665511979
20478 15.6981124835328 17.5681204943676
20479 16.5752737466788 18.5408918963196
20480 15.8967624002408 17.7978769089209
20481 15.7264043145633 17.6140632510406
20482 15.7334047540608 17.5377517659614
20483 16.2172004594236 18.1107669843592
20484 15.6682521989527 17.4506942034804
20485 16.0711425684313 18.1047716520079
20486 15.9664720254037 17.8163152191432
20487 16.3812331626991 18.1285623880996
20488 17.1648638977117 19.1127949522922
20489 17.1381784379933 19.0164107429047
20490 16.1795886742481 18.1022071518576
20491 15.2029263413233 17.1391384737189
20492 16.5104616840778 18.4067066512837
20493 16.8994933487556 18.7521784002774
20494 17.593413877937 19.3672205004038
20495 16.9738523467464 18.9885571999723
20496 16.6841596539903 18.4564978356155
20497 16.8851857890388 18.716256941916
20498 16.510562964803 18.3708020976319
20499 16.9963134896492 18.8348232139263
20500 16.9757242748833 18.8994849725145
20501 16.8541499141355 18.735644703217
20502 17.3156617724838 19.1691584504447
20503 17.104546128174 19.1348816164131
20504 15.8369404831271 17.7590114301823
20505 16.5419876611412 18.5571797985559
20506 15.6852516843247 17.7135065705356
20507 16.4308163590537 18.2385960065063
20508 15.8237618219943 17.6900097873381
20509 15.7464517474081 17.613904448049
20510 15.8525177514008 17.7352353024472
20511 16.6683633911092 18.5295168488709
20512 17.4880278369698 19.5386369573246
20513 16.2671983215343 18.2082424239833
20514 17.7985646245621 19.8601728444274
20515 16.7792241119184 18.6211146149088
20516 16.7878854201411 18.5870906675679
20517 15.8814328343754 17.8243644072586
20518 16.1467703328927 18.1240212765441
20519 16.3086561452804 18.2538855243578
20520 16.732422512555 18.5249473009079
20521 16.957078906005 18.8037021143929
20522 15.4722104465834 17.4910908143954
20523 15.8258648254095 17.6657163449306
20524 15.4398366871196 17.3198998755514
20525 16.3572492214922 18.3159394484435
20526 16.7286499668003 18.5842177007225
20527 16.9325809348692 18.8714470312135
20528 15.7227067623384 17.5668964878268
20529 17.0843275721802 18.9745881732619
20530 16.5816254525642 18.5067652935658
20531 17.011692728765 18.7831485900035
20532 15.3625620706893 17.1445880873779
20533 14.3017512937094 16.3240167540471
20534 15.1279564221848 17.0388325355448
20535 16.5986646168007 18.2660347292132
20536 17.0927709002697 18.8915804389667
20537 15.9305683432692 17.8257918331646
20538 17.2012020856166 19.2311034893518
20539 16.1786054700917 18.2217174327222
20540 15.43193906491 17.3322753531882
20541 16.3692873224276 18.2685274656797
20542 16.5078684275405 18.3555028627664
20543 14.6023681243338 16.343306470035
20544 16.418904035224 18.1417240387398
20545 16.3931402696934 18.165904377695
20546 17.2413651064507 19.2504550710234
20547 15.9352801675893 17.7961763054591
20548 15.2103807365885 17.2020908982314
20549 15.8877686560327 17.6675888878548
20550 16.5952361637964 18.4502132604979
20551 16.2967655489301 18.0748938515458
20552 16.311658313992 18.1522172191418
20553 16.9420048351004 18.8594287175187
20554 15.4142370576024 17.2322258962317
20555 15.4522613695544 17.1968014337055
20556 16.4816650952696 18.4212554453909
20557 16.4869950205583 18.4795260741513
20558 15.6629428958275 17.4369378741994
20559 15.6563432253026 17.5754888486692
20560 17.4738092959882 19.2658913580282
20561 16.3940150098056 18.2591413769477
20562 15.6258202498128 17.4148787163884
20563 16.3856340683391 18.2864222347106
20564 15.7577099126733 17.7981190068333
20565 16.127224153603 17.8610109951322
20566 15.1263946928563 17.0027638209413
20567 16.9667200553768 18.6787047438711
20568 17.0046250612016 18.7862423761318
20569 16.4816883091549 18.3623478012778
20570 15.8092401567614 17.5286397661351
20571 16.8084134445865 18.6517585971657
20572 15.9577567122298 17.7573272531783
20573 17.4119556502286 19.3650648454246
20574 16.0881813096912 17.8984457815073
20575 16.6147149628147 18.486883522257
20576 16.3946516074076 18.2766780034491
20577 16.3467284045057 18.2305235727912
20578 16.1314691594637 18.0088615057682
20579 16.4242835413694 18.3102139585352
20580 16.067075762021 17.8080936542507
20581 15.0834587095635 16.8604853161504
20582 15.5980481464476 17.4406897398684
20583 16.0965256106826 17.9107769683242
20584 15.8828978950789 17.6628325962062
20585 15.4340935799339 17.4362281796805
20586 15.3855709526566 17.3903867137712
20587 15.2626048921656 17.2769100953088
20588 16.017867111086 17.9592654793157
20589 17.1797618065863 19.1097334260698
20590 17.5968107457104 19.4324816696286
20591 16.6345714490102 18.5549442025411
20592 15.9412129133644 17.807028427936
20593 16.8158510977553 18.6001335736638
20594 16.5818134151463 18.3562197512367
20595 16.5776774847869 18.4669666689049
20596 16.1543365883911 17.8502059104617
20597 15.2848620722699 17.2214644081333
20598 15.1124734786984 16.8477351871056
20599 16.1099182103772 18.0091926468975
20600 15.4015543969505 17.2529393874246
20601 16.7273471090382 18.7429868456145
20602 16.0868746705431 17.8385850451213
20603 16.6032961233636 18.4476196331336
20604 16.0404123911235 17.9609426261216
20605 16.2535957469591 18.1432885753127
20606 16.2437901871008 18.0183008637083
20607 15.7809922687319 17.6436380689799
20608 17.4305975011776 19.1663230359742
20609 17.4100359255258 19.3872906531244
20610 16.0819985376057 17.8062432461359
20611 16.1152150561418 18.0506985827592
20612 15.8458369213539 17.8870361650319
20613 16.0327447863774 17.8996375320451
20614 17.4760616844046 19.4772487577406
20615 16.6103895181338 18.5628801846075
20616 15.6723500810053 17.3693040801369
20617 15.5644747878043 17.3113394745445
20618 15.8795171409114 17.9038350791026
20619 16.8105028019716 18.764952642296
20620 16.2946202149505 18.2162905018122
20621 16.4926393486544 18.3219832580244
20622 17.0917980675725 18.9948131789459
20623 15.3797011552908 17.303731982883
20624 16.7312092036295 18.4778463244607
20625 15.7418667947072 17.5355609870339
20626 16.5199150711582 18.605217569683
20627 16.0118219888352 17.7962178087668
20628 16.1298934651614 18.0471757193154
20629 15.4780870535286 17.2842401286554
20630 16.1891649364836 18.0511494628742
20631 16.8661233670574 18.7252667836756
20632 15.6596067022446 17.651100987928
20633 16.8184602007781 18.6210295079928
20634 17.4581184594193 19.2586385638677
20635 16.5818690765209 18.6014892357812
20636 16.9500541093409 18.8379596165804
20637 15.3944027679686 17.1801616035836
20638 15.9415719548112 17.8394499406178
20639 16.5488101451191 18.428903632138
20640 16.8395078544931 18.7243386587563
20641 16.4907113796555 18.4001406910425
20642 16.0621271405756 17.9518467817131
20643 14.7566781233294 16.7716577118649
20644 16.666525365672 18.7280185709957
20645 16.5286095677715 18.3303899050955
20646 16.9731552328219 18.8731876101139
20647 16.3225501001418 18.1852540680532
20648 17.0122385225748 18.947310978796
20649 16.7058540340756 18.6294350995425
20650 15.9169612874024 17.8258944062205
20651 16.4857228459967 18.1890886079682
20652 16.5939072630623 18.4435521813579
20653 15.8758440246392 17.5731713419486
20654 15.9614182540415 17.8596416177852
20655 15.8092963208474 17.7059668411521
20656 16.448541772873 18.2320495473703
20657 16.3865119628681 18.1739897728939
20658 16.1283428924854 17.8700635986801
20659 16.8909701664909 18.7550547087428
20660 15.8699179094976 17.6879923988114
20661 16.9931415854982 18.8369047608995
20662 16.435900904147 18.3134737840876
20663 17.2169183407534 19.1405454746416
20664 16.6428683887714 18.5361604976956
20665 16.0274825281906 17.9694313919308
20666 16.7221815568103 18.5180229018107
20667 16.8266344785824 18.6877891304716
20668 15.5336855802889 17.2589952967841
20669 16.0600479055633 17.9052224944307
20670 16.6290904566155 18.4195832653494
20671 17.2358622875736 19.1314321308982
20672 17.5807032090544 19.5365900423089
20673 15.0103141789151 16.9147622143391
20674 16.6211871878597 18.5794341817918
20675 17.1555367795754 19.0049226860428
20676 15.1666076708056 16.8345426077783
20677 16.6631273711301 18.4810108519963
20678 16.2182733005444 18.0578045887307
20679 15.588934772038 17.4365679358408
20680 16.884490703069 18.7144200318387
20681 17.3289687116899 19.1729180659319
20682 17.2354257315843 19.1146168105886
20683 16.2713534689273 18.0472908609998
20684 15.6688777750702 17.5691786484815
20685 16.2008233094105 18.0933274936552
20686 15.9098701660193 17.7971758870725
20687 15.6082716553907 17.4596464503991
20688 16.3932129601826 18.1299978848924
20689 16.0756996704562 17.9704122528591
20690 15.9853639078407 17.8398442807723
20691 16.2126174359168 18.0039308417836
20692 16.06623302519 18.0440200899063
20693 17.1981807728796 18.985378078404
20694 16.4674461980638 18.3540363261947
20695 16.5212737319744 18.4036306340164
20696 17.2383475321932 19.1778088766911
20697 16.0719132216481 17.9730254923452
20698 14.5073472716183 16.6142161972707
20699 16.1752939945615 18.0742811287117
20700 17.0733160492401 18.7910682350331
20701 16.2523109119023 18.0103510905104
20702 16.550394724085 18.4351498325357
20703 15.9604977793649 17.9191219705124
20704 16.1267813905735 18.0745338237537
20705 16.3251852913505 18.1743007760459
20706 16.303658979111 18.2572890635582
20707 15.1204608897073 17.1023428170348
20708 16.2544723995083 18.097823235036
20709 16.415754625475 18.324941879207
20710 16.4090613252789 18.284696980889
20711 16.4686929881505 18.2782207932776
20712 14.933298496785 16.8201991719155
20713 16.4870664070958 18.3039101671609
20714 16.8297578827826 18.7366590494391
20715 16.1548629704428 18.1162005793212
20716 16.0667589498551 17.9757232037144
20717 16.4165711544317 18.1949365349805
20718 17.845465495537 19.7953371116085
20719 17.1943339987236 19.0773974583226
20720 16.6655793683073 18.5176401414119
20721 16.2154915257304 18.1290887078142
20722 16.5715586128437 18.5490288386357
20723 16.5084011631154 18.34884041455
20724 17.1502907774488 18.9686381953222
20725 15.1064432774937 16.9388120581621
20726 16.4688549328882 18.3680067999655
20727 16.3715535081442 18.3255757690316
20728 15.5869555193424 17.4800687357471
20729 15.0450507773203 17.0384467630281
20730 16.3250797324755 18.2269179032944
20731 17.7008602196301 19.5786838530357
20732 15.507708154915 17.410421655132
20733 15.9520979130999 18.0173102720127
20734 15.6534602699777 17.5658661260774
20735 16.8924814417681 18.6903886225517
20736 16.808174310986 18.713602759819
20737 17.5055336153365 19.4451948279914
20738 16.3892990423233 18.2525518513997
20739 15.6280772713851 17.5215163727006
20740 16.4430807163247 18.3607687941566
20741 15.990144892606 18.0624030278488
20742 15.4872381798063 17.3882587700468
20743 15.9812549700756 17.9435011638895
20744 15.018814476237 16.8980197420248
20745 17.1133301046372 19.0956871239151
20746 15.0403703761567 16.948422470285
20747 15.3810336958897 16.9843475901674
20748 15.6825488950199 17.4701458698048
20749 16.4436925419678 18.0530230914169
20750 16.4673830255391 18.3403104654204
20751 15.5542970183844 17.2571025149194
20752 16.2744614766151 18.0687122669689
20753 15.8719347963254 17.7372963852064
20754 16.7349209653065 18.8634424029228
20755 16.2041270960371 18.1126015934227
20756 15.1611138712327 17.2157176476124
20757 15.9385317096123 17.9038750098603
20758 15.3061008255896 17.1510379817658
20759 16.8623568563274 18.7076006787589
20760 15.647799503185 17.5877408035755
20761 16.8826065444505 18.8957265193379
20762 16.3752644393259 18.2454948344559
20763 16.880536328679 18.6614394304155
20764 15.8093471424535 17.6462454086089
20765 17.9524056080333 19.8359288432725
20766 14.8126474571831 16.7748561444438
20767 16.7089809587961 18.6649497730954
20768 15.7253527110066 17.4974769266483
20769 16.1471424478646 17.8511756446378
20770 16.5207937290475 18.6090139676414
20771 18.1448063811825 20.0450575063222
20772 16.8651936967854 18.9705438982723
20773 16.8505117136518 18.679573983963
20774 14.6729500413583 16.6057737016335
20775 16.9772886226432 18.9777962736596
20776 16.32495931188 18.2227166553704
20777 16.056138592313 17.7957132641418
20778 16.4084960940811 18.4393847498444
20779 15.9515919488045 17.8663207723619
20780 16.5551924735489 18.2875902870613
20781 16.2102476745201 18.1463083515853
20782 15.1366378791765 16.9515589634975
20783 15.7978785615747 17.6365561143157
20784 16.2533108459705 18.2365457542627
20785 16.7717004081965 18.6569183897149
20786 15.7823581628859 17.5839531767702
20787 17.6070366698216 19.2264959636831
20788 16.267582027436 18.2678907903345
20789 15.8547150888107 17.8721253046909
20790 16.459625104879 18.5428063995041
20791 17.7486859234251 19.7932882917964
20792 16.8259025221263 18.7826533368895
20793 16.731440367823 18.6683207487226
20794 16.458242705357 18.4695323293693
20795 15.9120158363775 18.1229811217847
20796 16.3961349712038 18.1973866850582
20797 15.6536950198255 17.6058690867936
20798 14.87038127182 16.945044715013
20799 15.4540652063643 17.2043179577583
20800 15.5850226218518 17.3832335322971
20801 15.2345639881828 16.9213874607592
20802 16.0050839387769 17.8458340135052
20803 16.5467451553787 18.3711421844263
20804 15.5375367966957 17.4126535958708
20805 16.4193827157207 18.4078385107716
20806 16.8450349364855 18.7387145920232
20807 16.9348676568674 18.955821300511
20808 15.3905942177033 17.2360924261282
20809 15.6799848149013 17.6660381516412
20810 16.40311793843 18.3792414066964
20811 16.6207635406153 18.4314610778983
20812 17.4998144727558 19.5242811770582
20813 16.4328294250831 18.213381878228
20814 16.391152063145 18.2578421336459
20815 14.9468574009512 16.8406620750804
20816 17.4484390797896 19.2306515669622
20817 16.0868814422541 18.1121269691977
20818 15.9817907095129 17.7521260908216
20819 16.4734749801319 18.5188892325216
20820 16.0044955493146 17.9165534267714
20821 14.6530081874183 16.4117476754656
20822 15.1795449529687 17.1967944021609
20823 17.1006746224199 19.0682043614069
20824 16.1744852514129 18.0764351962561
20825 17.8858469562246 19.8966244251386
20826 16.5186621216383 18.3159242393994
20827 15.8286008127275 17.7096035065987
20828 16.8074939476265 18.6145633112
20829 15.8815679729045 17.715486628849
20830 16.2950195398553 18.1093061295704
20831 15.9076292307624 17.9055354938586
20832 15.5422083837108 17.3265575048559
20833 15.8579166503953 17.6781543278083
20834 15.8842650534275 17.8436878937978
20835 16.2973827087533 18.2943922187676
20836 15.8884679686506 17.6121945889843
20837 16.6786822340572 18.7093630951263
20838 16.4879348954006 18.501348197756
20839 15.9575544241526 17.9081625637392
20840 16.3646839277303 18.3754223311903
20841 16.663939337372 18.4552486516952
20842 15.6515407143952 17.512467515795
20843 17.6505583206926 19.5796332565904
20844 16.7064067848217 18.6349838831912
20845 16.3800593192505 18.2266559029524
20846 16.8526620749719 18.8455141681795
20847 16.2404535901725 18.0677552720915
20848 16.5586489206043 18.3493915684684
20849 16.990893030486 19.0335365041579
20850 15.990469755366 17.8907537929817
20851 14.7917016105715 16.7462406047064
20852 16.7053261689128 18.5275258836745
20853 16.7948748973918 18.718363943254
20854 16.1723097870607 18.227573652811
20855 17.2345374953007 18.9805962621143
20856 15.9200364540756 17.824951809125
20857 16.8634874756876 18.7754636869927
20858 15.750380346307 17.6154212959295
20859 15.3300072122648 17.1992740284762
20860 16.0211766250493 17.8392407172525
20861 15.8979075251117 17.6197002897996
20862 15.7796896312023 17.5533380357736
20863 16.4880161728142 18.343668792689
20864 16.126179085753 17.9754860688203
20865 16.7909095544566 18.8370480457809
20866 16.6000856249534 18.5827004340176
20867 16.8569188119669 18.7347022320034
20868 16.6103444253311 18.3692896322571
20869 15.4905979669129 17.5200844589573
20870 17.4610344849755 19.2270774500284
20871 17.7516264031332 19.6272009331498
20872 16.40136475562 18.213593722376
20873 17.3142585672338 19.1222858387821
20874 16.4265731999095 18.4493178820017
20875 16.9264759096301 18.8001086236118
20876 16.1845519624683 18.1280000717627
20877 16.3550471984579 18.1304322232484
20878 15.9198504595716 17.9630523303661
20879 17.5224238619903 19.6669835391907
20880 16.3641988123351 18.1780534699921
20881 15.9941398994838 17.9539937127275
20882 16.0963822401653 18.113909028935
20883 16.2944508520583 18.4232781738137
20884 16.0357497019397 17.8085183576195
20885 16.1677704121687 18.1320818983239
20886 16.9382441195845 18.7512475896376
20887 15.9911091292192 17.8240983377422
20888 15.773062622637 17.4780211176846
20889 16.9661954395947 19.0176997196092
20890 17.1400703622053 19.0990295530661
20891 16.1192649855157 18.0257719207321
20892 15.4935095826976 17.2840071289111
20893 16.3615151679866 18.1589072830689
20894 15.7419240446638 17.5395489466229
20895 16.4648474809986 18.3649475426729
20896 16.4258841256168 18.2267803795677
20897 15.6727909397848 17.6621413262862
20898 16.9393883655168 18.9037760372257
20899 17.9152367477903 19.8581361879917
20900 15.8297930097021 17.5900550180313
20901 16.1910696154619 18.1527146339015
20902 17.0648578098435 18.8009665020019
20903 16.1456997452579 18.0999468453143
20904 16.969709283994 18.7748451146538
20905 15.8988461921727 17.8282273862195
20906 15.7779569448428 17.7893714524528
20907 14.8819206620754 16.7474714798193
20908 15.8781929564418 17.610579792871
20909 16.2098414338996 18.2370722258849
20910 16.3509472496287 18.110188584683
20911 17.2783984343022 19.2323571009995
20912 16.5085694833674 18.3891521443334
20913 15.5523368406815 17.3511991966219
20914 16.4602888439626 18.2527039989783
20915 15.2533204830482 17.3276281517617
20916 16.0856019255968 17.8206057388372
20917 16.1811922213298 17.9698801290079
20918 17.2796784034091 19.1594756863292
20919 15.6399677063776 17.5856561316241
20920 16.2906796095516 18.1459880392511
20921 16.0457831513953 17.923932549016
20922 16.3702059730823 18.210774981651
20923 16.7360807866425 18.8594055029553
20924 15.9630524161981 17.8498424684115
20925 14.6252786369922 16.6296013202923
20926 14.6612555823036 16.4578887089619
20927 15.2557485360351 17.1557455944146
20928 15.6800480652466 17.3633495126739
20929 15.1396616096726 16.9845776351673
20930 16.9179345139735 18.931718816644
20931 16.3830246470717 18.3742246906615
20932 16.6449784861538 18.6051987120787
20933 17.3652638608974 19.3133243658232
20934 16.4107259653375 18.1531252820942
20935 16.1511708928675 18.170730508994
20936 16.855584487069 18.6023711667992
20937 16.4052332432226 18.14800367834
20938 15.4697156743776 17.3050412290452
20939 16.7246099871438 18.6049422716706
20940 17.2090915409305 19.1485501901506
20941 16.4740945652104 18.3639000746025
20942 16.1645223887807 18.0642361155954
20943 17.9074097085568 19.6477573268906
20944 17.8238114968752 19.7207349885596
20945 16.5846729999226 18.368902458305
20946 17.4029627113401 19.1782722049705
20947 17.0791504475238 18.7624362627769
20948 16.1282388200977 18.0309064244832
20949 15.7634848013613 17.8202789120582
20950 16.3142835170561 18.2834919916345
20951 15.7202372030918 17.511156113322
20952 16.323367879024 18.1195608651286
20953 16.1315670280422 17.9719114203444
20954 16.1245316501701 17.9819924328298
20955 16.2880599620161 18.0353787104115
20956 17.5100392414716 19.2452829111688
20957 15.9689308667849 17.9197707985824
20958 15.8083383759593 17.6947607303567
20959 15.7114299991194 17.5566464347901
20960 15.3319321946282 17.23562271846
20961 16.3228981243064 18.1941046007343
20962 17.2153794192729 19.0152218660429
20963 17.0490529176046 18.9354548390249
20964 15.89146438779 17.8864506606166
20965 15.898329091493 17.696110353311
20966 15.4835060159997 17.3809496580436
20967 18.124799489356 19.9485859835464
20968 16.5526596791303 18.3923478068707
20969 15.9548178567726 17.8089194706829
20970 16.0431195083897 17.995944879584
20971 16.2618938236804 18.3907497199022
20972 16.6867957138607 18.587908449312
20973 17.1418606686195 19.0475717176007
20974 16.4906370268192 18.5597358030945
20975 15.1804972901878 17.2433941453733
20976 16.0463049381979 18.0377603860656
20977 16.6251301781384 18.6723326520712
20978 16.9918584351799 18.8427353752722
20979 16.8762163013049 18.8019711798072
20980 15.9680204224763 17.8616649663497
20981 16.8475619128332 18.5146686385931
20982 15.1054628915069 16.8118367524884
20983 16.3515093254393 18.1951868470933
20984 15.6695214539502 17.4915416402409
20985 16.4606043697431 18.3688731377263
20986 15.4042731892147 17.1799889074125
20987 16.5269030753781 18.6143918423946
20988 16.3354787971361 18.3216478515444
20989 17.1850314857661 19.0847575562301
20990 16.2107662579303 18.0016436048426
20991 15.0926492812386 16.9995874050638
20992 16.5563928250437 18.639242851003
20993 15.6931112030628 17.643813701283
20994 16.6497864056352 18.5651262025784
20995 16.295250370321 18.2008663181789
20996 15.112476481171 16.8443885536011
20997 17.4075125450891 19.284107912755
20998 15.7489226195689 17.621123229799
20999 15.8854631601247 17.8032957822037
21000 16.1295546607152 18.18696444754
