20001 15.8720420059054 16.3887436639345
20002 16.8465108604723 17.2973123422628
20003 16.1130662869449 16.5705604971715
20004 17.3751257240576 17.8216015616386
20005 16.4552554435771 16.9646757365803
20006 16.1055823904574 16.5477559578368
20007 16.7439501898706 17.2450554127119
20008 16.9578389950874 17.4043913268099
20009 16.1891163643536 16.6944192104443
20010 16.8088146635173 17.326968734888
20011 15.1527564323005 15.5969634289753
20012 16.989486176176 17.445601224079
20013 16.7794104187072 17.2385269706594
20014 16.4620403273016 16.971357252414
20015 16.1871633983407 16.5836371660715
20016 16.8265683666593 17.2780497361451
20017 16.5411572046416 17.0552444174216
20018 16.6277760235963 17.1544258896879
20019 15.5255891672403 15.9221529602857
20020 14.8304594951595 15.285283616384
20021 15.6840555912579 16.1225748417107
20022 16.5126423282931 16.9728416375047
20023 16.4694878576397 16.9294237814324
20024 15.9859232776522 16.4301634878087
20025 15.5759146670268 16.0369245016518
20026 14.896970966917 15.4062178998158
20027 18.0601609227335 18.6572875923029
20028 16.2083380993604 16.7310200130698
20029 16.0263649555303 16.5603121303065
20030 15.0626025472312 15.5801977637735
20031 16.3852013494935 16.789458195678
20032 17.1314311392059 17.6520010751155
20033 16.549920554546 17.0588899678327
20034 16.6248963559201 17.0860795506495
20035 14.6505421618522 15.1030974421705
20036 15.4419882442528 15.8944534992564
20037 16.3238666267911 16.7762485470049
20038 15.9767372681508 16.4317118447283
20039 15.8006084992022 16.2618264371041
20040 15.6910031860052 16.2881298555746
20041 16.6524863166382 17.1039920531789
20042 16.9559461745576 17.3436098213459
20043 15.653446194676 16.1576676040721
20044 15.0181687129131 15.4706339679168
20045 15.800778018279 16.3660864306642
20046 15.4014026307991 15.8546394729521
20047 16.5288110323861 17.0445199584705
20048 15.8760180118871 16.4000972189916
20049 16.4066541005023 16.8571427380434
20050 15.0494168303919 15.5664069656157
20051 16.4813274618142 17.0004316418059
20052 15.9909922796394 16.4520021142645
20053 15.8231571342248 16.3388660603092
20054 17.8543814245184 18.3585128085999
20055 16.9761837293279 17.5554248036876
20056 16.4882807752799 16.9484800844915
20057 15.5825992685044 16.1095922988424
20058 17.6177583677575 18.0696426068073
20059 16.323329218382 16.8369715016892
20060 16.5488051087638 16.9930121054385
20061 15.7360750863294 16.1972582810588
20062 16.582798076808 17.0368632562305
20063 15.7682689212891 16.1570153253367
20064 16.0295639968136 16.4885404021432
20065 16.7467057587898 17.3151635712114
20066 15.9978097082343 16.5651847633966
20067 16.0529571908245 16.5593339477476
20068 16.1453525236934 16.60284673392
20069 17.7969839228686 18.2483162993049
20070 15.4891408284622 16.0220310950061
20071 15.3108661812633 15.8303728557372
20072 14.6386413579312 15.1478882908299
20073 15.3577043180308 15.8178136019279
20074 16.8068244034254 17.2731810176447
20075 15.4522857444274 15.8965259545839
20076 15.9734280706824 16.5110642299613
20077 16.4536512988187 16.9148344935481
20078 15.989436113502 16.5052439113279
20079 16.7421250517468 17.2033082464763
20080 16.1651203668414 16.7367104200929
20081 16.5522420897377 17.0118895363357
20082 16.2751076466998 16.7310661087951
20083 16.0199675195244 16.4692025329252
20084 16.5891777399122 17.0453095621118
20085 15.978245023733 16.4948633469724
20086 16.3400747756551 16.8539124164433
20087 16.3818676396018 16.9574251441654
20088 15.8115909631721 16.2639728833859
20089 16.0015634496794 16.5069895345664
20090 16.4890607964608 17.0586653234686
20091 17.3038466496487 17.7577545330701
20092 16.4394593224758 16.9006425172052
20093 16.03364895063 16.4936748997372
20094 15.7759744314768 16.3076756700981
20095 17.20887998234 17.7172665702074
20096 17.0519696489758 17.5680659239963
20097 16.1807716692427 16.5850285154272
20098 17.6621664126494 18.1221923617566
20099 16.3485788291719 16.8037814529056
20100 15.7191436123472 16.1714355072465
20101 17.0726901898299 17.5338733845593
20102 16.936984750627 17.3882927600084
20103 15.8459139314663 16.3598446919682
20104 16.1426582571246 16.5961272685515
20105 17.5942637406665 18.0457694772072
20106 15.4399980354398 15.898777201055
20107 16.3311444746615 16.8528523423269
20108 17.000818360098 17.5100652929968
20109 16.2947080236484 16.8074328484014
20110 16.0169797311025 16.4781629258319
20111 17.8642837801648 18.3094835087843
20112 15.4472889602561 15.8894625276355
20113 17.2443057249594 17.892702455184
20114 16.8914536426051 17.4118218678303
20115 14.9779098428012 15.3771700035078
20116 17.2786760604027 17.7305270859708
20117 16.7178552098273 17.2852634784713
20118 16.5203451675861 16.9813550022111
20119 16.3468931835958 16.805556744676
20120 16.1918265448619 16.6433079143478
20121 17.5855349061809 18.0493107572739
20122 15.8296382600698 16.2849085315181
20123 17.6555189336702 18.1131329509729
20124 15.6781279963164 16.1296005193753
20125 16.7567380787014 17.2154016397816
20126 16.5447005921247 17.0043480387228
20127 17.3640980527881 17.8129643486036
20128 16.5603440407114 17.0108326782525
20129 16.9525475348378 17.4111210706034
20130 16.4740681509032 16.9279858192484
20131 15.9073255481507 16.3683353827757
20132 16.0036176701802 16.5091916826794
20133 16.1550189551175 16.6089268385389
20134 15.6228722993094 16.0769374787319
20135 16.1463685629393 16.6621763607653
20136 17.122317853455 17.5775881249033
20137 16.5855193073809 17.1018753610671
20138 15.6408251730513 16.1525074663126
20139 16.4980535904262 16.9532562141599
20140 16.7833460465804 17.1876028927649
20141 15.7780026690386 16.2318303120693
20142 14.9189211128148 15.3708053518646
20143 15.881871190268 16.3337222158361
20144 16.7218809195911 17.1132199800023
20145 16.3553829906769 16.8078482456805
20146 15.7293000265653 16.2492571642208
20147 14.6860849462085 15.1389530707762
20148 16.627986231622 17.1343629885451
20149 15.8743141483051 16.3199069615647
20150 16.7152672301588 17.2299110918378
20151 16.650496961128 17.1023812001778
20152 16.279349804745 16.7944865613026
20153 16.5491362766778 17.0565301326004
20154 17.0105942627409 17.4716040973659
20155 15.7722846109307 16.3564449381298
20156 16.857535234041 17.3134936961362
20157 16.3051545027357 16.7025288211945
20158 16.3585723060672 16.8762360607286
20159 17.0644410525364 17.5233842443843
20160 15.1316892090836 15.6574873093478
20161 16.0529760700719 16.6750396856577
20162 17.0905299548438 17.5878561899801
20163 16.403860629297 16.9164290017719
20164 16.5896558404539 17.1032981237612
20165 16.1458358972628 16.713210952425
20166 15.5114098891396 15.9690239064424
20167 16.6391811940483 17.0880474898638
20168 16.5905551721069 17.0410770231298
20169 16.6972477993766 17.1461140951921
20170 15.696381690242 16.1590579436369
20171 15.8930570230172 16.4168216939859
20172 15.5289237882134 15.9875873492936
20173 15.7789030998033 16.2317370723923
20174 16.7352325441088 17.2363377669502
20175 16.6499453903095 17.1018296293593
20176 15.3223661323211 15.7742503713709
20177 16.0161667938659 16.4700844622111
20178 16.7176500658331 17.2357141118892
20179 16.2582478992665 16.7772055038358
20180 16.1685769785932 16.689616873508
20181 15.0381593306339 15.5403140972529
20182 16.2752898976012 16.7929536522626
20183 15.9730693942227 16.3715866772306
20184 16.3548674262169 16.8589988102985
20185 14.5882283247522 15.0420559677828
20186 15.9309459198425 16.5025359730941
20187 15.9155454313541 16.378013581472
20188 16.3768053394215 16.8369146233185
20189 17.827643837331 18.2697273793957
20190 17.3154877390288 17.7083625475714
20191 16.5934366934482 17.0509141293782
20192 16.2162356324653 16.8104641658763
20193 16.1079906552935 16.679580708545
20194 16.4097229046661 16.922694146705
20195 15.4389396765673 15.8435652403372
20196 16.1241230538112 16.6306133041136
20197 16.6407106104512 17.0946282787964
20198 15.2794576776908 15.7346056143727
20199 15.4893765143798 15.9334934857399
20200 17.0288702353333 17.4863644455599
20201 15.104628613097 15.5016101479735
20202 15.9820465593628 16.4884233162859
20203 16.8016975556509 17.3074288641513
20204 17.2870301328956 17.8128282331597
20205 16.7811336898126 17.2314489672493
20206 16.4363396724331 16.8868283099743
20207 16.019681844168 16.414510142673
20208 17.5239319298306 18.0854997423033
20209 17.3265641698686 17.7744014569797
20210 16.9406491652404 17.3309313174194
20211 18.0079759947328 18.4691591894622
20212 16.5488911841648 17.1244486887284
20213 16.3532474828668 16.7964137821908
20214 16.096857385084 16.6741306884082
20215 16.5122120308349 16.962700668376
20216 15.4025013228299 15.803242544616
20217 15.4088003703907 15.9150871019992
20218 17.0319104493965 17.5573300471514
20219 16.4358434345545 16.840100280739
20220 17.3392501504697 17.7838258647298
20221 16.9513260027422 17.3978783344647
20222 17.5598006345736 18.0705833156038
20223 15.5230582504742 15.9769759188194
20224 17.6685712727059 18.1812296704954
20225 17.2367846101666 17.697967804896
20226 16.9806871920561 17.5585658783889
20227 16.2007745330194 16.7218874851156
20228 16.2159749673245 16.6677691810598
20229 16.0229396528336 16.525004394138
20230 16.558870132192 17.0200533269214
20231 16.6327540157725 17.0914175768527
20232 15.5394703396343 15.9282167436819
20233 16.0834854500555 16.5358673702694
20234 16.065001616416 16.5211881256675
20235 15.9704678085405 16.4223520475903
20236 16.0871349995401 16.5409626425707
20237 16.1166563148407 16.5745192426527
20238 16.2511607971234 16.7724471093241
20239 15.9005250293639 16.2997851900705
20240 15.3690704362254 15.9661971057948
20241 15.8665412966609 16.3696887952247
20242 17.4184758948268 17.9366299661975
20243 15.8023068976404 16.1890198723926
20244 16.9636817857128 17.4165255432256
20245 15.7257143760912 16.2359540409347
20246 15.8088550321452 16.2626826751759
20247 16.0809835167477 16.6524002098948
20248 18.3952009981933 18.9068098522052
20249 15.7400712493641 16.1384151722675
20250 17.8485312393446 18.3013993639122
20251 15.1666820103931 15.680612770895
20252 16.0754644728216 16.592082796061
20253 16.019821781038 16.5334640643452
20254 16.6234264280459 17.066583880943
20255 15.9833532047347 16.3788342405208
20256 16.1469578946765 16.6635762179158
20257 16.8811287456607 17.3992828170314
20258 15.8858834949948 16.3942368693804
20259 17.1378174849325 17.6519046977125
20260 16.7280104341553 17.1866739952355
20261 15.4820441896894 16.0501566800223
20262 16.550183856302 17.0061423183972
20263 16.466857118476 16.9280403132054
20264 15.0943897844202 15.6262061401317
20265 17.1991850171342 17.6469685556903
20266 16.087031944108 16.5543234195994
20267 15.8079470531201 16.3742570438769
20268 17.8574918785059 18.3669121715091
20269 15.3870772671844 15.9080271367846
20270 15.8270405126125 16.2809581809577
20271 16.7380680089589 17.246947396931
20272 16.862387168187 17.2534024131409
20273 15.9005062448096 16.36188479702
20274 15.9131341919273 16.3743173866567
20275 16.6499215514535 17.1111047461829
20276 15.9167594121664 16.3643180070067
20277 16.9619559657414 17.4769606370756
20278 16.4038406964986 16.8506735630187
20279 16.6763281219715 17.2406526488388
20280 15.7974119840103 16.2502557415232
20281 16.7991674775622 17.252002388648
20282 15.9515825856878 16.4745658845833
20283 17.0836308432131 17.6565832844916
20284 16.6510265669843 17.1025079364702
20285 14.9034530866926 15.3562968442054
20286 15.607893279893 16.0073268007039
20287 15.9493024949943 16.4650446345604
20288 14.6767851831347 15.1280843460892
20289 16.9181773166906 17.4318195999978
20290 16.1427559419716 16.6480587880623
20291 15.6201421627854 16.136238437806
20292 16.0263621817911 16.4813367583686
20293 16.4878476783897 16.9372867721532
20294 15.6160565457583 16.1377871590105
20295 14.9309731693174 15.3869316314126
20296 15.6085301481279 16.0589287603545
20297 15.7658735482306 16.2821088728114
20298 16.1010987792282 16.6955006727436
20299 15.2570000565431 15.76013870868
20300 16.4609477542732 16.9717364890213
20301 17.2112927111618 17.5981458325367
20302 16.7252727591219 17.2270445270823
20303 16.8917080962821 17.3476665583773
20304 16.2605203881219 16.8258288005071
20305 16.1893886484621 16.6908533434635
20306 16.2065451497379 16.7719524338646
20307 16.0655797391366 16.5796005249531
20308 15.5644258652917 16.0701571737921
20309 17.2888578845076 17.789963107349
20310 17.2364066573438 17.8142853436766
20311 16.8163334871858 17.2676658636221
20312 16.8654718037977 17.3169531732835
20313 17.0131536490223 17.4682115603896
20314 16.2491937848486 16.7010448104167
20315 16.1145621442958 16.5735385496254
20316 15.927085538877 16.4986014054557
20317 16.36628978713 16.9315981995151
20318 16.3239912212455 16.8437417853147
20319 14.5322017233309 15.0461324838327
20320 15.6749844137907 16.1896302252177
20321 16.5390023841898 16.9914676391934
20322 17.4740542668377 18.0341451342144
20323 15.8905104865962 16.416819448405
20324 16.9220431376519 17.3685954693745
20325 15.9828844879539 16.4955428857434
20326 15.6425044215873 16.0880972348469
20327 15.4968558520737 15.949147746973
20328 16.2228655724951 16.788566670522
20329 16.9512709521833 17.4099345132635
20330 16.9227547303953 17.4320016632941
20331 17.1094970582028 17.5691445048008
20332 15.4070346445463 15.8501677303886
20333 17.2676302467472 17.8068021541575
20334 15.6852311831124 16.2013274581329
20335 16.2389318530482 16.7546407791327
20336 16.9201470683571 17.4329963921644
20337 16.3489278365977 16.8749613484727
20338 16.4501236669911 16.9025889219948
20339 16.5833597151969 17.0322260110123
20340 16.8653445330737 17.3778295707588
20341 16.1332343634031 16.6385615765486
20342 16.4761431724212 17.0441106681335
20343 15.5336938311281 16.066584097672
20344 16.5741917300926 17.0954780422932
20345 16.7183226557628 17.2513862824111
20346 15.5930845408024 16.0434831530289
20347 16.1222128598814 16.5710791556969
20348 16.4515275573739 16.9151300483625
20349 15.9548849110011 16.4103124784506
20350 16.4086498595521 16.8677996249861
20351 16.6467380622713 17.0991199824851
20352 17.2408936426901 17.7009195917973
20353 16.077551594616 16.5375775437233
20354 16.4518382282176 16.9057632610175
20355 16.5566108887237 17.0104385317543
20356 16.3245204339377 16.8454703035379
20357 16.6786411656189 17.204439265883
20358 16.3739063110897 16.9494638156533
20359 15.278630901616 15.7350512010102
20360 17.1909840678409 17.7067262074071
20361 16.0280131599766 16.5404081723471
20362 16.3446974366847 16.7960054460662
20363 16.7322393617702 17.1840903873382
20364 15.7734292205476 16.2258111407615
20365 17.1363941688918 17.6602780185153
20366 16.9811123091084 17.5014805343336
20367 17.3283897963155 17.8614534229637
20368 15.3066760476577 15.758008424094
20369 15.5227679166355 15.9746521556853
20370 16.2409990169864 16.6925047535271
20371 14.9999477323967 15.514952403731
20372 16.1853734925579 16.5813854229898
20373 15.9772415504197 16.5797268928208
20374 15.6783206951636 16.1306125900628
20375 15.5287093043984 15.9924851554914
20376 16.2142523582781 16.7206291152012
20377 16.8297436118369 17.2805450936274
20378 16.3229816884513 16.7697813414897
20379 15.8594421693506 16.2508645645517
20380 17.0321356099322 17.4836081329911
20381 16.0303774115712 16.4829326918894
20382 17.1832527878314 17.682252980103
20383 17.1784188107912 17.6942266086171
20384 15.8057587677001 16.3957932709897
20385 16.2178328884417 16.6889734810672
20386 17.6956136916841 18.1484574491969
20387 16.1850469380488 16.7470074361634
20388 16.7278134813323 17.1791126442868
20389 16.4670582118818 16.8662636855366
20390 17.0644937009752 17.5163447265432
20391 17.3181628954335 17.7139074317417
20392 16.7432955816397 17.3148856348913
20393 16.6490872023829 17.2197003623315
20394 15.2792805989687 15.7394799081804
20395 15.6798871914642 16.1792852436885
20396 16.3017315698602 16.8087092136426
20397 16.5791239192136 17.1043701568641
20398 16.8566861017618 17.4296385430403
20399 16.5702509745529 17.0217323440388
20400 15.3982903947041 15.933946677716
20401 15.5973223210027 16.0491165347379
20402 15.572897175127 16.1045984137483
20403 16.7483304982365 17.2558232259006
20404 15.0609007330119 15.4592446559153
20405 15.4477553645893 15.9042656892981
20406 15.4513930175417 15.9587868734644
20407 16.4633247444356 16.8439294384259
20408 16.0701730811877 16.5968229472793
20409 15.871649131802 16.3266237083794
20410 17.0903270779287 17.603969361236
20411 16.484035208027 17.054558342661
20412 16.1734916679372 16.6407831434286
20413 16.8098193643715 17.3781871514785
20414 16.6257474234735 17.0780393183728
20415 15.8591803353095 16.312336502487
20416 14.6419176580997 15.1575454052964
20417 16.7978658137118 17.2543761384206
20418 17.037048590376 17.5131858684794
20419 15.7237200515781 16.1668775044752
20420 15.4473763687833 15.9085595635127
20421 16.6592150903603 17.1222294402857
20422 16.4887153248761 16.9981356178794
20423 16.3847746349912 16.783980108646
20424 16.0777867788151 16.5842055956469
20425 15.2354601966048 15.6872211968583
20426 15.2590622617304 15.7647581924612
20427 16.7220360724979 17.1758637155285
20428 16.9334109145974 17.4473416750993
20429 17.0005300177767 17.5073889856644
20430 17.5433911910442 18.0106826665356
20431 14.8348875532692 15.2318690881457
20432 15.8126626674894 16.2578623961088
20433 16.8365893735469 17.4018977859321
20434 15.7343994011916 16.1918936114182
20435 16.0386919448235 16.4915357023363
20436 15.0019851731566 15.4693113918206
20437 15.6160471675712 16.0756946141693
20438 16.1620743935397 16.6139254191078
20439 15.6148536533036 16.0709854755032
20440 16.0007375617861 16.4558501602053
20441 15.9007183475375 16.3598348994898
20442 15.0847726958208 15.5375233336199
20443 15.93762475926 16.3927726959419
20444 16.0050685690732 16.4662517638026
20445 16.6178733575851 17.1957520439178
20446 15.631343993614 16.0874758158137
20447 15.8127686457169 16.2914985801839
20448 16.7038602943812 17.1625238554614
20449 15.901310878123 16.2952893792595
20450 17.7146645206823 18.2931371016595
20451 16.1756790466613 16.6914868444872
20452 16.934532396002 17.4501601431988
20453 15.3984026757757 15.8439622755536
20454 16.0569495750733 16.589251700554
20455 16.6936835438751 17.137833728717
20456 15.877965943689 16.3391491384185
20457 15.5587711268164 16.0604440230353
20458 15.8668406055128 16.3849046515689
20459 16.9517944488424 17.4040863437417
20460 16.2042067117037 16.6583597916598
20461 16.4518440749055 16.9114915215035
20462 16.1035731600453 16.606711812182
20463 16.13332296991 16.5898332946188
20464 15.5675334068702 16.0275495710536
20465 16.5634151949478 17.0136404470699
20466 16.5551336559991 17.068104898038
20467 16.3041719495226 16.7570068606084
20468 15.4332003623155 15.8893868715669
20469 16.0147309352699 16.4189877814544
20470 17.3113911065584 17.9004417243302
20471 15.0155632563797 15.6097917897908
20472 17.002110514209 17.5176792936708
20473 16.5382142169691 17.0587841528787
20474 15.8174493498053 16.3366435551117
20475 16.8892690349734 17.3489164815715
20476 15.8108151167661 16.3751396436334
20477 15.8175965200455 16.2607628193696
20478 15.6981124835328 16.1694264362626
20479 16.5752737466788 17.0892945324953
20480 15.8967624002408 16.4683524534924
20481 15.7264043145633 16.1332538171115
20482 15.7334047540608 16.1908989642874
20483 16.2172004594236 16.6746946696502
20484 15.6682521989527 16.1210959564655
20485 16.0711425684313 16.5715333526004
20486 15.9664720254037 16.418763920303
20487 16.3812331626991 16.9034988642683
20488 17.1648638977117 17.6688574401627
20489 17.1381784379933 17.6392836608347
20490 16.1795886742481 16.688697398143
20491 15.2029263413233 15.6036675631095
20492 16.5104616840778 17.0238494283931
20493 16.8994933487556 17.3580668845212
20494 17.593413877937 18.0375308492971
20495 16.9738523467464 17.4888570180806
20496 16.6841596539903 17.1934065868891
20497 16.8851857890388 17.4504942014239
20498 16.510562964803 16.9715727994279
20499 16.9963134896492 17.4476126526037
20500 16.9757242748833 17.4985117963676
20501 16.8541499141355 17.385504432548
20502 17.3156617724838 17.76699414892
20503 17.104546128174 17.5584637965192
20504 15.8369404831271 16.2930723053268
20505 16.5419876611412 16.993469030627
20506 15.6852516843247 16.2100002408112
20507 16.4308163590537 16.8919995537832
20508 15.8237618219943 16.2910532974857
20509 15.7464517474081 16.3380950215436
20510 15.8525177514008 16.2946913187801
20511 16.6683633911092 17.123511327791
20512 17.4880278369698 18.1100914525556
20513 16.2671983215343 16.7749962728119
20514 17.7985646245621 18.3093473055923
20515 16.7792241119184 17.2845845385457
20516 16.7878854201411 17.2438438822363
20517 15.8814328343754 16.3426440420457
20518 16.1467703328927 16.5450368231576
20519 16.3086561452804 16.7605071708485
20520 16.732422512555 17.2460235209812
20521 16.957078906005 17.4088731197403
20522 15.4722104465834 15.9236918160693
20523 15.8258648254095 16.2701050355659
20524 15.4398366871196 15.8840436837943
20525 16.3572492214922 16.870220463531
20526 16.7286499668003 17.2259762019366
20527 16.9325809348692 17.5073588813669
20528 15.7227067623384 16.1745577879065
20529 17.0843275721802 17.5983483579967
20530 16.5816254525642 17.104262031251
20531 17.011692728765 17.5230063044409
20532 15.3625620706893 15.8968559656743
20533 14.3017512937094 14.8233951404515
20534 15.1279564221848 15.5242568298113
20535 16.5986646168007 16.9865348371752
20536 17.0927709002697 17.5539540949991
20537 15.9305683432692 16.3111730372595
20538 17.2012020856166 17.6608495322146
20539 16.1786054700917 16.7716652810704
20540 15.43193906491 16.0994104182669
20541 16.3692873224276 16.8221222335135
20542 16.5078684275405 16.9633292084718
20543 14.6023681243338 15.0623040481264
20544 16.418904035224 16.7627126572369
20545 16.3931402696934 16.9022489935882
20546 17.2413651064507 17.7493181894416
20547 15.9352801675893 16.4610782678534
20548 15.2103807365885 15.7358003343434
20549 15.8877686560327 16.3318856273928
20550 16.5952361637964 17.0500602850209
20551 16.2967655489301 16.7485597626654
20552 16.311658313992 16.7631308370509
20553 16.9420048351004 17.4020307842076
20554 15.4142370576024 15.9200015795845
20555 15.4522613695544 15.9815492451898
20556 16.4816650952696 16.9848369608882
20557 16.4869950205583 17.0177123736618
20558 15.6629428958275 16.1122086294867
20559 15.6563432253026 16.1159906719006
20560 17.4738092959882 17.9190090246077
20561 16.3940150098056 16.8555669221203
20562 15.6258202498128 16.0798854292354
20563 16.3856340683391 16.8358593204613
20564 15.7577099126733 16.2745015960171
20565 16.127224153603 16.5800679111158
20566 15.1263946928563 15.5860421394543
20567 16.9667200553768 17.5349621943577
20568 17.0046250612016 17.448865271358
20569 16.4816883091549 17.0106965540227
20570 15.8092401567614 16.2620750678473
20571 16.8084134445865 17.2589020821276
20572 15.9577567122298 16.4139432214813
20573 17.4119556502286 17.9172584963192
20574 16.0881813096912 16.6201710255071
20575 16.6147149628147 17.1238236867095
20576 16.3946516074076 16.8388017922495
20577 16.3467284045057 16.8591234168763
20578 16.1314691594637 16.5987606349552
20579 16.4242835413694 16.8710831944077
20580 16.067075762021 16.5199438865886
20581 15.0834587095635 15.5985622526393
20582 15.5980481464476 16.0503400413469
20583 16.0965256106826 16.5575354453076
20584 15.8828978950789 16.3351897899782
20585 15.4340935799339 15.8854259563702
20586 15.3855709526566 15.9585233939352
20587 15.2626048921656 15.7164325351962
20588 16.017867111086 16.5822580649168
20589 17.1797618065863 17.7032136333056
20590 17.5968107457104 17.9975519674965
20591 16.6345714490102 17.160237429584
20592 15.9412129133644 16.3977232380732
20593 16.8158510977553 17.2713118786865
20594 16.5818134151463 17.0239869825256
20595 16.5776774847869 17.0926821561212
20596 16.1543365883911 16.6158885007058
20597 15.2848620722699 15.8052302974951
20598 15.1124734786984 15.5648553989123
20599 16.1099182103772 16.5649761217445
20600 15.4015543969505 15.859122917035
20601 16.7273471090382 17.1802152336059
20602 16.0868746705431 16.5470739797547
20603 16.6032961233636 17.0620752889787
20604 16.0404123911235 16.4932463637125
20605 16.2535957469591 16.7630160399623
20606 16.2437901871008 16.7579244662965
20607 15.7809922687319 16.1817334905181
20608 17.4305975011776 17.8808559667814
20609 17.4100359255258 17.9266542487651
20610 16.0819985376057 16.6011295022794
20611 16.1152150561418 16.5825065316333
20612 15.8458369213539 16.3677529999418
20613 16.0327447863774 16.6548084019631
20614 17.4760616844046 18.0014812821595
20615 16.6103895181338 17.1167751214838
20616 15.6723500810053 16.1322860047979
20617 15.5644747878043 16.018302430835
20618 15.8795171409114 16.4006300930076
20619 16.8105028019716 17.2596477900578
20620 16.2946202149505 16.8206537268255
20621 16.4926393486544 16.8918448223091
20622 17.0917980675725 17.6068027389068
20623 15.3797011552908 15.8358329774905
20624 16.7312092036295 17.1923923983589
20625 15.7418667947072 16.255797555209
20626 16.5199150711582 17.102041969062
20627 16.0118219888352 16.4596143738183
20628 16.1298934651614 16.529153625868
20629 15.4780870535286 15.9403271564903
20630 16.1891649364836 16.6428994598006
20631 16.8661233670574 17.3271332016824
20632 15.6596067022446 16.2816703178304
20633 16.8184602007781 17.2073799649302
20634 17.4581184594193 17.9132663961012
20635 16.5818690765209 17.1029820286172
20636 16.9500541093409 17.4593010422397
20637 15.3944027679686 15.8498635488999
20638 15.9415719548112 16.3954896231564
20639 16.5488101451191 17.0508748864235
20640 16.8395078544931 17.341662621112
20641 16.4907113796555 17.0119976918562
20642 16.0621271405756 16.504300707955
20643 14.7566781233294 15.326127347131
20644 16.666525365672 17.1982266042933
20645 16.5286095677715 17.053855805422
20646 16.9731552328219 17.4322717847742
20647 16.3225501001418 16.7811236359075
20648 17.0122385225748 17.5225682127328
20649 16.7058540340756 17.2090258996941
20650 15.9169612874024 16.4319179933308
20651 16.4857228459967 16.8827043808731
20652 16.5939072630623 17.0504175877711
20653 15.8758440246392 16.3368538592642
20654 15.9614182540415 16.412219735832
20655 15.8092963208474 16.2585620545065
20656 16.448541772873 16.8372881769207
20657 16.3865119628681 16.8383061766033
20658 16.1283428924854 16.5885422016971
20659 16.8909701664909 17.4129695798686
20660 15.8699179094976 16.331101104227
20661 16.9931415854982 17.4995183424212
20662 16.435900904147 16.8970840988764
20663 17.2169183407534 17.6781015354828
20664 16.6428683887714 17.0860258416685
20665 16.0274825281906 16.6234201698374
20666 16.7221815568103 17.2460654064338
20667 16.8266344785824 17.2862819251804
20668 15.5336855802889 15.9779257904454
20669 16.0600479055633 16.5078646576012
20670 16.6290904566155 17.0814723768293
20671 17.2358622875736 17.6863841385965
20672 17.5807032090544 18.1633663220034
20673 15.0103141789151 15.5253188502494
20674 16.6211871878597 17.0729481881132
20675 17.1555367795754 17.6094544479206
20676 15.1666076708056 15.5708645169901
20677 16.6631273711301 17.1241372057551
20678 16.2182733005444 16.6711082116302
20679 15.588934772038 16.0479111773677
20680 16.884490703069 17.3287309132255
20681 17.3289687116899 17.7803010881262
20682 17.2354257315843 17.7385643837211
20683 16.2713534689273 16.7155936790838
20684 15.6688777750702 16.1838824464045
20685 16.2008233094105 16.7100702423093
20686 15.9098701660193 16.4120249326383
20687 15.6082716553907 16.0611154129035
20688 16.3932129601826 16.8486737411138
20689 16.0756996704562 16.5199398806126
20690 15.9853639078407 16.5110719827902
20691 16.2126174359168 16.6012738146498
20692 16.06623302519 16.6235256018468
20693 17.1981807728796 17.6504726677788
20694 16.4674461980638 16.9691190942827
20695 16.5212737319744 17.0233716867605
20696 17.2383475321932 17.6426043783777
20697 16.0719132216481 16.5870167647239
20698 14.5073472716183 14.9746387471097
20699 16.1752939945615 16.62069592131
20700 17.0733160492401 17.5224177566664
20701 16.2523109119023 16.7842172929284
20702 16.550394724085 16.8856203338147
20703 15.9604977793649 16.4669165961967
20704 16.1267813905735 16.6360283234723
20705 16.3251852913505 16.7861951259755
20706 16.303658979111 16.8176797649275
20707 15.1204608897073 15.6452094461939
20708 16.2544723995083 16.7608255580803
20709 16.415754625475 16.8698530183793
20710 16.4090613252789 16.9384359674244
20711 16.4686929881505 16.9288022720475
20712 14.933298496785 15.4451639350745
20713 16.4870664070958 16.8862718807506
20714 16.8297578827826 17.2812636193233
20715 16.1548629704428 16.6675213682323
20716 16.0667589498551 16.5880452620557
20717 16.4165711544317 16.8607781511064
20718 17.845465495537 18.4250571122233
20719 17.1943339987236 17.7659240519752
20720 16.6655793683073 17.1173735820426
20721 16.2154915257304 16.6682421635295
20722 16.5715586128437 17.0253088232359
20723 16.5084011631154 16.9515674624395
20724 17.1502907774488 17.6103069416321
20725 15.1064432774937 15.5520028772716
20726 16.4688549328882 17.0014397196373
20727 16.3715535081442 16.823935428358
20728 15.5869555193424 16.0373541315689
20729 15.0450507773203 15.4457919991064
20730 16.3250797324755 16.7850856484817
20731 17.7008602196301 18.2040320852486
20732 15.507708154915 15.9631357223646
20733 15.9520979130999 16.4602292041932
20734 15.6534602699777 16.1125513578128
20735 16.8924814417681 17.34762937845
20736 16.808174310986 17.2607295913042
20737 17.5055336153365 18.0698581422039
20738 16.3892990423233 16.8418543226416
20739 15.6280772713851 16.2010297126636
20740 16.4430807163247 16.9611447623808
20741 15.990144892606 16.5063798322769
20742 15.4872381798063 15.9389991800598
20743 15.9812549700756 16.4338102503939
20744 15.018814476237 15.5491851091318
20745 17.1133301046372 17.6933743054886
20746 15.0403703761567 15.4927522963705
20747 15.3810336958897 15.7616051763983
20748 15.6825488950199 16.1344331340698
20749 16.4436925419678 16.8351696242207
20750 16.4673830255391 16.9340917559631
20751 15.5542970183844 15.9585538645689
20752 16.2744614766151 16.7270167569334
20753 15.8719347963254 16.3329446309505
20754 16.7349209653065 17.37702906245
20755 16.2041270960371 16.6121721210755
20756 15.1611138712327 15.7459290565948
20757 15.9385317096123 16.393734333346
20758 15.3061008255896 15.7589357366755
20759 16.8623568563274 17.3075565849468
20760 15.647799503185 16.0520563493695
20761 16.8826065444505 17.334367544704
20762 16.3752644393259 16.8331273671379
20763 16.880536328679 17.3318354916335
20764 15.8093471424535 16.2581234129543
20765 17.9524056080333 18.4555442601701
20766 14.8126474571831 15.264119980242
20767 16.7089809587961 17.221549331271
20768 15.7253527110066 16.2385707523992
20769 16.1471424478646 16.6083256425941
20770 16.5207937290475 17.0984990552758
20771 18.1448063811825 18.5961387576187
20772 16.8651936967854 17.3968949354067
20773 16.8505117136518 17.4159189977784
20774 14.6729500413583 15.0712939642617
20775 16.9772886226432 17.4830531446253
20776 16.32495931188 16.7791123918362
20777 16.056138592313 16.4702918981134
20778 16.4084960940811 16.8696792888106
20779 15.9515919488045 16.4673997466304
20780 16.5551924735489 17.0702960166247
20781 16.2102476745201 16.6145045207046
20782 15.1366378791765 15.5978210739059
20783 15.7978785615747 16.244678214613
20784 16.2533108459705 16.7839704435045
20785 16.7717004081965 17.2253672837988
20786 15.7823581628859 16.2409316986515
20787 17.6070366698216 18.0045843483848
20788 16.267582027436 16.8391720806875
20789 15.8547150888107 16.3705228866367
20790 16.459625104879 17.1044579780765
20791 17.7486859234251 18.2518577890436
20792 16.8259025221263 17.3312297352718
20793 16.731440367823 17.1987318433144
20794 16.458242705357 17.0298327586086
20795 15.9120158363775 16.5079534780243
20796 16.3961349712038 16.8500526395491
20797 15.6536950198255 16.1853962584469
20798 14.87038127182 15.3169336035425
20799 15.4540652063643 15.8596070079373
20800 15.5850226218518 16.03757790217
20801 15.2345639881828 15.6942114347809
20802 16.0050839387769 16.4589115818075
20803 16.5467451553787 17.1181618485258
20804 15.5375367966957 15.9936686188954
20805 16.4193827157207 16.8579019661735
20806 16.8450349364855 17.2881923893826
20807 16.9348676568674 17.5127463432001
20808 15.3905942177033 15.8445192505032
20809 15.6799848149013 16.1956192526228
20810 16.40311793843 16.9261912626402
20811 16.6207635406153 17.0768953628149
20812 17.4998144727558 17.9539128656601
20813 16.4328294250831 16.9391161566916
20814 16.391152063145 16.8894770450933
20815 14.9468574009512 15.3986516146865
20816 17.4484390797896 17.9012739908755
20817 16.0868814422541 16.6627923575513
20818 15.9817907095129 16.4839454761319
20819 16.4734749801319 17.0415437590084
20820 16.0044955493146 16.4570508296329
20821 14.6530081874183 15.0499897222947
20822 15.1795449529687 15.6300335905098
20823 17.1006746224199 17.616416761986
20824 16.1744852514129 16.6874564934518
20825 17.8858469562246 18.331046684844
20826 16.5186621216383 16.970167858179
20827 15.8286008127275 16.3307555793465
20828 16.8074939476265 17.2685037822515
20829 15.8815679729045 16.3256849442646
20830 16.2950195398553 16.7562027345847
20831 15.9076292307624 16.3812468752166
20832 15.5422083837108 15.9288881449813
20833 15.8579166503953 16.3190998451247
20834 15.8842650534275 16.4009667114566
20835 16.2973827087533 16.8066296416521
20836 15.8884679686506 16.2750909180883
20837 16.6786822340572 17.2365042723066
20838 16.4879348954006 17.0019556812171
20839 15.9575544241526 16.4103893352385
20840 16.3646839277303 16.8161564507893
20841 16.663939337372 17.185583184114
20842 15.6515407143952 16.1125505490203
20843 17.6505583206926 18.1768614665753
20844 16.7064067848217 17.2354983644793
20845 16.3800593192505 16.830407810169
20846 16.8526620749719 17.4485997166187
20847 16.2404535901725 16.6845705615326
20848 16.5586489206043 17.0101214436632
20849 16.990893030486 17.5517796177682
20850 15.990469755366 16.5001845792817
20851 14.7917016105715 15.3129879227722
20852 16.7053261689128 17.2171916072023
20853 16.7948748973918 17.2571150003535
20854 16.1723097870607 16.7943734026465
20855 17.2345374953007 17.6893616165252
20856 15.9200364540756 16.4381905254463
20857 16.8634874756876 17.3186354123694
20858 15.750380346307 16.2078745565336
20859 15.3300072122648 15.7342640584493
20860 16.0211766250493 16.4203820987041
20861 15.8979075251117 16.3615100161004
20862 15.7796896312023 16.2264892842406
20863 16.4880161728142 16.9517920239072
20864 16.126179085753 16.6370578458157
20865 16.7909095544566 17.3167076547207
20866 16.6000856249534 17.1228122289547
20867 16.8569188119669 17.3130506341665
20868 16.6103444253311 17.0776359008225
20869 15.4905979669129 16.033390944301
20870 17.4610344849755 17.9631892515945
20871 17.7516264031332 18.2547650552699
20872 16.40136475562 16.796193054125
20873 17.3142585672338 17.7754417619632
20874 16.4265731999095 16.8790384549131
20875 16.9264759096301 17.3876591043595
20876 16.1845519624683 16.6876906146051
20877 16.3550471984579 16.7593040446424
20878 15.9198504595716 16.4454467913386
20879 17.5224238619903 18.1093089652435
20880 16.3641988123351 16.826666962453
20881 15.9941398994838 16.4465218196977
20882 16.0963822401653 16.6093534822042
20883 16.2944508520583 16.8060597060702
20884 16.0357497019397 16.4813093017175
20885 16.1677704121687 16.6798657606705
20886 16.9382441195845 17.4020199706775
20887 15.9911091292192 16.4439772537869
20888 15.773062622637 16.2403540981284
20889 16.9661954395947 17.4693340917315
20890 17.1400703622053 17.6598209262746
20891 16.1192649855157 16.5767591957423
20892 15.4935095826976 15.8824293468496
20893 16.3615151679866 16.82153133217
20894 15.7419240446638 16.1934054141496
20895 16.4648474809986 16.9153693320214
20896 16.4258841256168 16.8796186489338
20897 15.6727909397848 16.0722244605957
20898 16.9393883655168 17.3858974165795
20899 17.9152367477903 18.3665447571717
20900 15.8297930097021 16.2894404563001
20901 16.1910696154619 16.7036379879368
20902 17.0648578098435 17.5245052564415
20903 16.1456997452579 16.6619346849289
20904 16.969709283994 17.3654538203022
20905 15.8988461921727 16.4290116826627
20906 15.7779569448428 16.3475862192735
20907 14.8819206620754 15.4055953077296
20908 15.8781929564418 16.333653737373
20909 16.2098414338996 16.7183180470816
20910 16.3509472496287 16.7501527232834
20911 17.2783984343022 17.7338260017517
20912 16.5085694833674 17.0106342246717
20913 15.5523368406815 16.0114866061156
20914 16.4602888439626 16.9763851189831
20915 15.2533204830482 15.7061886076159
20916 16.0856019255968 16.537893820496
20917 16.1811922213298 16.6328601018697
20918 17.2796784034091 17.6802462650908
20919 15.6399677063776 16.0841747030523
20920 16.2906796095516 16.8117925616478
20921 16.0457831513953 16.5747913962631
20922 16.3702059730823 16.8220569986504
20923 16.7360807866425 17.3076708398941
20924 15.9630524161981 16.5287295461686
20925 14.6252786369922 15.1004222446539
20926 14.6612555823036 15.1150832253343
20927 15.2557485360351 15.707229905521
20928 15.6800480652466 16.1346988263667
20929 15.1396616096726 15.6535923701744
20930 16.9179345139735 17.4318652744754
20931 16.3830246470717 16.8851794136907
20932 16.6449784861538 17.0964842226944
20933 17.3652638608974 17.8705667069881
20934 16.4107259653375 16.8703734119355
20935 16.1511708928675 16.595411103024
20936 16.855584487069 17.2563257088551
20937 16.4052332432226 16.8571174822724
20938 15.4697156743776 15.9825649981849
20939 16.7246099871438 17.2303412956441
20940 17.2090915409305 17.7112463075494
20941 16.4740945652104 17.0470470064889
20942 16.1645223887807 16.6101152020402
20943 17.9074097085568 18.3597916287706
20944 17.8238114968752 18.2777193802966
20945 16.5846729999226 17.0298727285421
20946 17.4029627113401 17.8436705228016
20947 17.0791504475238 17.4751623779557
20948 16.1282388200977 16.5882447361039
20949 15.7634848013613 16.3910618457364
20950 16.3142835170561 16.8395297547066
20951 15.7202372030918 16.2342579889082
20952 16.323367879024 16.7772855473692
20953 16.1315670280422 16.5823685098328
20954 16.1245316501701 16.5782661734871
20955 16.2880599620161 16.6792485670744
20956 17.5100392414716 17.9625044964752
20957 15.9689308667849 16.4813258791554
20958 15.8083383759593 16.3349882420509
20959 15.7114299991194 16.100638240466
20960 15.3319321946282 15.6757408166411
20961 16.3228981243064 16.7901895997978
20962 17.2153794192729 17.6728736294995
20963 17.0490529176046 17.492811257361
20964 15.89146438779 16.4814988910796
20965 15.898329091493 16.287248855645
20966 15.4835060159997 15.9898827729228
20967 18.124799489356 18.6576897558998
20968 16.5526596791303 17.0665904396321
20969 15.9548178567726 16.4112381561668
20970 16.0431195083897 16.6125687321913
20971 16.2618938236804 16.7133995602211
20972 16.6867957138607 17.2017524197891
20973 17.1418606686195 17.6555029519267
20974 16.4906370268192 16.9421095498781
20975 15.1804972901878 15.8100421055985
20976 16.0463049381979 16.6106294650653
20977 16.6251301781384 17.1572099192689
20978 16.9918584351799 17.5044268076548
20979 16.8762163013049 17.339992152398
20980 15.9680204224763 16.4441577005796
20981 16.8475619128332 17.2280765815088
20982 15.1054628915069 15.5060307531886
20983 16.3515093254393 16.9287826287635
20984 15.6695214539502 16.189716319071
20985 16.4606043697431 16.9147574496992
20986 15.4042731892147 15.8571081003006
20987 16.5269030753781 17.1061441497379
20988 16.3354787971361 16.8396101812177
20989 17.1850314857661 17.6914082426891
20990 16.2107662579303 16.6707922070375
20991 15.0926492812386 15.5445335202884
20992 16.5563928250437 17.0703235855456
20993 15.6931112030628 16.2047200570747
20994 16.6497864056352 17.1020783005344
20995 16.295250370321 16.7440266408219
20996 15.112476481171 15.5098507996298
20997 17.4075125450891 17.9754136138379
20998 15.7489226195689 16.2051091288204
20999 15.8854631601247 16.3393808284699
21000 16.1295546607152 16.6685169295714
