20001 15.8720420059054
20002 16.8465108604723
20003 16.1130662869449
20004 17.3751257240576
20005 16.4552554435771
20006 16.1055823904574
20007 16.7439501898706
20008 16.9578389950874
20009 16.1891163643536
20010 16.8088146635173
20011 15.1527564323005
20012 16.989486176176
20013 16.7794104187072
20014 16.4620403273016
20015 16.1871633983407
20016 16.8265683666593
20017 16.5411572046416
20018 16.6277760235963
20019 15.5255891672403
20020 14.8304594951595
20021 15.6840555912579
20022 16.5126423282931
20023 16.4694878576397
20024 15.9859232776522
20025 15.5759146670268
20026 14.896970966917
20027 18.0601609227335
20028 16.2083380993604
20029 16.0263649555303
20030 15.0626025472312
20031 16.3852013494935
20032 17.1314311392059
20033 16.549920554546
20034 16.6248963559201
20035 14.6505421618522
20036 15.4419882442528
20037 16.3238666267911
20038 15.9767372681508
20039 15.8006084992022
20040 15.6910031860052
20041 16.6524863166382
20042 16.9559461745576
20043 15.653446194676
20044 15.0181687129131
20045 15.800778018279
20046 15.4014026307991
20047 16.5288110323861
20048 15.8760180118871
20049 16.4066541005023
20050 15.0494168303919
20051 16.4813274618142
20052 15.9909922796394
20053 15.8231571342248
20054 17.8543814245184
20055 16.9761837293279
20056 16.4882807752799
20057 15.5825992685044
20058 17.6177583677575
20059 16.323329218382
20060 16.5488051087638
20061 15.7360750863294
20062 16.582798076808
20063 15.7682689212891
20064 16.0295639968136
20065 16.7467057587898
20066 15.9978097082343
20067 16.0529571908245
20068 16.1453525236934
20069 17.7969839228686
20070 15.4891408284622
20071 15.3108661812633
20072 14.6386413579312
20073 15.3577043180308
20074 16.8068244034254
20075 15.4522857444274
20076 15.9734280706824
20077 16.4536512988187
20078 15.989436113502
20079 16.7421250517468
20080 16.1651203668414
20081 16.5522420897377
20082 16.2751076466998
20083 16.0199675195244
20084 16.5891777399122
20085 15.978245023733
20086 16.3400747756551
20087 16.3818676396018
20088 15.8115909631721
20089 16.0015634496794
20090 16.4890607964608
20091 17.3038466496487
20092 16.4394593224758
20093 16.03364895063
20094 15.7759744314768
20095 17.20887998234
20096 17.0519696489758
20097 16.1807716692427
20098 17.6621664126494
20099 16.3485788291719
20100 15.7191436123472
20101 17.0726901898299
20102 16.936984750627
20103 15.8459139314663
20104 16.1426582571246
20105 17.5942637406665
20106 15.4399980354398
20107 16.3311444746615
20108 17.000818360098
20109 16.2947080236484
20110 16.0169797311025
20111 17.8642837801648
20112 15.4472889602561
20113 17.2443057249594
20114 16.8914536426051
20115 14.9779098428012
20116 17.2786760604027
20117 16.7178552098273
20118 16.5203451675861
20119 16.3468931835958
20120 16.1918265448619
20121 17.5855349061809
20122 15.8296382600698
20123 17.6555189336702
20124 15.6781279963164
20125 16.7567380787014
20126 16.5447005921247
20127 17.3640980527881
20128 16.5603440407114
20129 16.9525475348378
20130 16.4740681509032
20131 15.9073255481507
20132 16.0036176701802
20133 16.1550189551175
20134 15.6228722993094
20135 16.1463685629393
20136 17.122317853455
20137 16.5855193073809
20138 15.6408251730513
20139 16.4980535904262
20140 16.7833460465804
20141 15.7780026690386
20142 14.9189211128148
20143 15.881871190268
20144 16.7218809195911
20145 16.3553829906769
20146 15.7293000265653
20147 14.6860849462085
20148 16.627986231622
20149 15.8743141483051
20150 16.7152672301588
20151 16.650496961128
20152 16.279349804745
20153 16.5491362766778
20154 17.0105942627409
20155 15.7722846109307
20156 16.857535234041
20157 16.3051545027357
20158 16.3585723060672
20159 17.0644410525364
20160 15.1316892090836
20161 16.0529760700719
20162 17.0905299548438
20163 16.403860629297
20164 16.5896558404539
20165 16.1458358972628
20166 15.5114098891396
20167 16.6391811940483
20168 16.5905551721069
20169 16.6972477993766
20170 15.696381690242
20171 15.8930570230172
20172 15.5289237882134
20173 15.7789030998033
20174 16.7352325441088
20175 16.6499453903095
20176 15.3223661323211
20177 16.0161667938659
20178 16.7176500658331
20179 16.2582478992665
20180 16.1685769785932
20181 15.0381593306339
20182 16.2752898976012
20183 15.9730693942227
20184 16.3548674262169
20185 14.5882283247522
20186 15.9309459198425
20187 15.9155454313541
20188 16.3768053394215
20189 17.827643837331
20190 17.3154877390288
20191 16.5934366934482
20192 16.2162356324653
20193 16.1079906552935
20194 16.4097229046661
20195 15.4389396765673
20196 16.1241230538112
20197 16.6407106104512
20198 15.2794576776908
20199 15.4893765143798
20200 17.0288702353333
20201 15.104628613097
20202 15.9820465593628
20203 16.8016975556509
20204 17.2870301328956
20205 16.7811336898126
20206 16.4363396724331
20207 16.019681844168
20208 17.5239319298306
20209 17.3265641698686
20210 16.9406491652404
20211 18.0079759947328
20212 16.5488911841648
20213 16.3532474828668
20214 16.096857385084
20215 16.5122120308349
20216 15.4025013228299
20217 15.4088003703907
20218 17.0319104493965
20219 16.4358434345545
20220 17.3392501504697
20221 16.9513260027422
20222 17.5598006345736
20223 15.5230582504742
20224 17.6685712727059
20225 17.2367846101666
20226 16.9806871920561
20227 16.2007745330194
20228 16.2159749673245
20229 16.0229396528336
20230 16.558870132192
20231 16.6327540157725
20232 15.5394703396343
20233 16.0834854500555
20234 16.065001616416
20235 15.9704678085405
20236 16.0871349995401
20237 16.1166563148407
20238 16.2511607971234
20239 15.9005250293639
20240 15.3690704362254
20241 15.8665412966609
20242 17.4184758948268
20243 15.8023068976404
20244 16.9636817857128
20245 15.7257143760912
20246 15.8088550321452
20247 16.0809835167477
20248 18.3952009981933
20249 15.7400712493641
20250 17.8485312393446
20251 15.1666820103931
20252 16.0754644728216
20253 16.019821781038
20254 16.6234264280459
20255 15.9833532047347
20256 16.1469578946765
20257 16.8811287456607
20258 15.8858834949948
20259 17.1378174849325
20260 16.7280104341553
20261 15.4820441896894
20262 16.550183856302
20263 16.466857118476
20264 15.0943897844202
20265 17.1991850171342
20266 16.087031944108
20267 15.8079470531201
20268 17.8574918785059
20269 15.3870772671844
20270 15.8270405126125
20271 16.7380680089589
20272 16.862387168187
20273 15.9005062448096
20274 15.9131341919273
20275 16.6499215514535
20276 15.9167594121664
20277 16.9619559657414
20278 16.4038406964986
20279 16.6763281219715
20280 15.7974119840103
20281 16.7991674775622
20282 15.9515825856878
20283 17.0836308432131
20284 16.6510265669843
20285 14.9034530866926
20286 15.607893279893
20287 15.9493024949943
20288 14.6767851831347
20289 16.9181773166906
20290 16.1427559419716
20291 15.6201421627854
20292 16.0263621817911
20293 16.4878476783897
20294 15.6160565457583
20295 14.9309731693174
20296 15.6085301481279
20297 15.7658735482306
20298 16.1010987792282
20299 15.2570000565431
20300 16.4609477542732
20301 17.2112927111618
20302 16.7252727591219
20303 16.8917080962821
20304 16.2605203881219
20305 16.1893886484621
20306 16.2065451497379
20307 16.0655797391366
20308 15.5644258652917
20309 17.2888578845076
20310 17.2364066573438
20311 16.8163334871858
20312 16.8654718037977
20313 17.0131536490223
20314 16.2491937848486
20315 16.1145621442958
20316 15.927085538877
20317 16.36628978713
20318 16.3239912212455
20319 14.5322017233309
20320 15.6749844137907
20321 16.5390023841898
20322 17.4740542668377
20323 15.8905104865962
20324 16.9220431376519
20325 15.9828844879539
20326 15.6425044215873
20327 15.4968558520737
20328 16.2228655724951
20329 16.9512709521833
20330 16.9227547303953
20331 17.1094970582028
20332 15.4070346445463
20333 17.2676302467472
20334 15.6852311831124
20335 16.2389318530482
20336 16.9201470683571
20337 16.3489278365977
20338 16.4501236669911
20339 16.5833597151969
20340 16.8653445330737
20341 16.1332343634031
20342 16.4761431724212
20343 15.5336938311281
20344 16.5741917300926
20345 16.7183226557628
20346 15.5930845408024
20347 16.1222128598814
20348 16.4515275573739
20349 15.9548849110011
20350 16.4086498595521
20351 16.6467380622713
20352 17.2408936426901
20353 16.077551594616
20354 16.4518382282176
20355 16.5566108887237
20356 16.3245204339377
20357 16.6786411656189
20358 16.3739063110897
20359 15.278630901616
20360 17.1909840678409
20361 16.0280131599766
20362 16.3446974366847
20363 16.7322393617702
20364 15.7734292205476
20365 17.1363941688918
20366 16.9811123091084
20367 17.3283897963155
20368 15.3066760476577
20369 15.5227679166355
20370 16.2409990169864
20371 14.9999477323967
20372 16.1853734925579
20373 15.9772415504197
20374 15.6783206951636
20375 15.5287093043984
20376 16.2142523582781
20377 16.8297436118369
20378 16.3229816884513
20379 15.8594421693506
20380 17.0321356099322
20381 16.0303774115712
20382 17.1832527878314
20383 17.1784188107912
20384 15.8057587677001
20385 16.2178328884417
20386 17.6956136916841
20387 16.1850469380488
20388 16.7278134813323
20389 16.4670582118818
20390 17.0644937009752
20391 17.3181628954335
20392 16.7432955816397
20393 16.6490872023829
20394 15.2792805989687
20395 15.6798871914642
20396 16.3017315698602
20397 16.5791239192136
20398 16.8566861017618
20399 16.5702509745529
20400 15.3982903947041
20401 15.5973223210027
20402 15.572897175127
20403 16.7483304982365
20404 15.0609007330119
20405 15.4477553645893
20406 15.4513930175417
20407 16.4633247444356
20408 16.0701730811877
20409 15.871649131802
20410 17.0903270779287
20411 16.484035208027
20412 16.1734916679372
20413 16.8098193643715
20414 16.6257474234735
20415 15.8591803353095
20416 14.6419176580997
20417 16.7978658137118
20418 17.037048590376
20419 15.7237200515781
20420 15.4473763687833
20421 16.6592150903603
20422 16.4887153248761
20423 16.3847746349912
20424 16.0777867788151
20425 15.2354601966048
20426 15.2590622617304
20427 16.7220360724979
20428 16.9334109145974
20429 17.0005300177767
20430 17.5433911910442
20431 14.8348875532692
20432 15.8126626674894
20433 16.8365893735469
20434 15.7343994011916
20435 16.0386919448235
20436 15.0019851731566
20437 15.6160471675712
20438 16.1620743935397
20439 15.6148536533036
20440 16.0007375617861
20441 15.9007183475375
20442 15.0847726958208
20443 15.93762475926
20444 16.0050685690732
20445 16.6178733575851
20446 15.631343993614
20447 15.8127686457169
20448 16.7038602943812
20449 15.901310878123
20450 17.7146645206823
20451 16.1756790466613
20452 16.934532396002
20453 15.3984026757757
20454 16.0569495750733
20455 16.6936835438751
20456 15.877965943689
20457 15.5587711268164
20458 15.8668406055128
20459 16.9517944488424
20460 16.2042067117037
20461 16.4518440749055
20462 16.1035731600453
20463 16.13332296991
20464 15.5675334068702
20465 16.5634151949478
20466 16.5551336559991
20467 16.3041719495226
20468 15.4332003623155
20469 16.0147309352699
20470 17.3113911065584
20471 15.0155632563797
20472 17.002110514209
20473 16.5382142169691
20474 15.8174493498053
20475 16.8892690349734
20476 15.8108151167661
20477 15.8175965200455
20478 15.6981124835328
20479 16.5752737466788
20480 15.8967624002408
20481 15.7264043145633
20482 15.7334047540608
20483 16.2172004594236
20484 15.6682521989527
20485 16.0711425684313
20486 15.9664720254037
20487 16.3812331626991
20488 17.1648638977117
20489 17.1381784379933
20490 16.1795886742481
20491 15.2029263413233
20492 16.5104616840778
20493 16.8994933487556
20494 17.593413877937
20495 16.9738523467464
20496 16.6841596539903
20497 16.8851857890388
20498 16.510562964803
20499 16.9963134896492
20500 16.9757242748833
20501 16.8541499141355
20502 17.3156617724838
20503 17.104546128174
20504 15.8369404831271
20505 16.5419876611412
20506 15.6852516843247
20507 16.4308163590537
20508 15.8237618219943
20509 15.7464517474081
20510 15.8525177514008
20511 16.6683633911092
20512 17.4880278369698
20513 16.2671983215343
20514 17.7985646245621
20515 16.7792241119184
20516 16.7878854201411
20517 15.8814328343754
20518 16.1467703328927
20519 16.3086561452804
20520 16.732422512555
20521 16.957078906005
20522 15.4722104465834
20523 15.8258648254095
20524 15.4398366871196
20525 16.3572492214922
20526 16.7286499668003
20527 16.9325809348692
20528 15.7227067623384
20529 17.0843275721802
20530 16.5816254525642
20531 17.011692728765
20532 15.3625620706893
20533 14.3017512937094
20534 15.1279564221848
20535 16.5986646168007
20536 17.0927709002697
20537 15.9305683432692
20538 17.2012020856166
20539 16.1786054700917
20540 15.43193906491
20541 16.3692873224276
20542 16.5078684275405
20543 14.6023681243338
20544 16.418904035224
20545 16.3931402696934
20546 17.2413651064507
20547 15.9352801675893
20548 15.2103807365885
20549 15.8877686560327
20550 16.5952361637964
20551 16.2967655489301
20552 16.311658313992
20553 16.9420048351004
20554 15.4142370576024
20555 15.4522613695544
20556 16.4816650952696
20557 16.4869950205583
20558 15.6629428958275
20559 15.6563432253026
20560 17.4738092959882
20561 16.3940150098056
20562 15.6258202498128
20563 16.3856340683391
20564 15.7577099126733
20565 16.127224153603
20566 15.1263946928563
20567 16.9667200553768
20568 17.0046250612016
20569 16.4816883091549
20570 15.8092401567614
20571 16.8084134445865
20572 15.9577567122298
20573 17.4119556502286
20574 16.0881813096912
20575 16.6147149628147
20576 16.3946516074076
20577 16.3467284045057
20578 16.1314691594637
20579 16.4242835413694
20580 16.067075762021
20581 15.0834587095635
20582 15.5980481464476
20583 16.0965256106826
20584 15.8828978950789
20585 15.4340935799339
20586 15.3855709526566
20587 15.2626048921656
20588 16.017867111086
20589 17.1797618065863
20590 17.5968107457104
20591 16.6345714490102
20592 15.9412129133644
20593 16.8158510977553
20594 16.5818134151463
20595 16.5776774847869
20596 16.1543365883911
20597 15.2848620722699
20598 15.1124734786984
20599 16.1099182103772
20600 15.4015543969505
20601 16.7273471090382
20602 16.0868746705431
20603 16.6032961233636
20604 16.0404123911235
20605 16.2535957469591
20606 16.2437901871008
20607 15.7809922687319
20608 17.4305975011776
20609 17.4100359255258
20610 16.0819985376057
20611 16.1152150561418
20612 15.8458369213539
20613 16.0327447863774
20614 17.4760616844046
20615 16.6103895181338
20616 15.6723500810053
20617 15.5644747878043
20618 15.8795171409114
20619 16.8105028019716
20620 16.2946202149505
20621 16.4926393486544
20622 17.0917980675725
20623 15.3797011552908
20624 16.7312092036295
20625 15.7418667947072
20626 16.5199150711582
20627 16.0118219888352
20628 16.1298934651614
20629 15.4780870535286
20630 16.1891649364836
20631 16.8661233670574
20632 15.6596067022446
20633 16.8184602007781
20634 17.4581184594193
20635 16.5818690765209
20636 16.9500541093409
20637 15.3944027679686
20638 15.9415719548112
20639 16.5488101451191
20640 16.8395078544931
20641 16.4907113796555
20642 16.0621271405756
20643 14.7566781233294
20644 16.666525365672
20645 16.5286095677715
20646 16.9731552328219
20647 16.3225501001418
20648 17.0122385225748
20649 16.7058540340756
20650 15.9169612874024
20651 16.4857228459967
20652 16.5939072630623
20653 15.8758440246392
20654 15.9614182540415
20655 15.8092963208474
20656 16.448541772873
20657 16.3865119628681
20658 16.1283428924854
20659 16.8909701664909
20660 15.8699179094976
20661 16.9931415854982
20662 16.435900904147
20663 17.2169183407534
20664 16.6428683887714
20665 16.0274825281906
20666 16.7221815568103
20667 16.8266344785824
20668 15.5336855802889
20669 16.0600479055633
20670 16.6290904566155
20671 17.2358622875736
20672 17.5807032090544
20673 15.0103141789151
20674 16.6211871878597
20675 17.1555367795754
20676 15.1666076708056
20677 16.6631273711301
20678 16.2182733005444
20679 15.588934772038
20680 16.884490703069
20681 17.3289687116899
20682 17.2354257315843
20683 16.2713534689273
20684 15.6688777750702
20685 16.2008233094105
20686 15.9098701660193
20687 15.6082716553907
20688 16.3932129601826
20689 16.0756996704562
20690 15.9853639078407
20691 16.2126174359168
20692 16.06623302519
20693 17.1981807728796
20694 16.4674461980638
20695 16.5212737319744
20696 17.2383475321932
20697 16.0719132216481
20698 14.5073472716183
20699 16.1752939945615
20700 17.0733160492401
20701 16.2523109119023
20702 16.550394724085
20703 15.9604977793649
20704 16.1267813905735
20705 16.3251852913505
20706 16.303658979111
20707 15.1204608897073
20708 16.2544723995083
20709 16.415754625475
20710 16.4090613252789
20711 16.4686929881505
20712 14.933298496785
20713 16.4870664070958
20714 16.8297578827826
20715 16.1548629704428
20716 16.0667589498551
20717 16.4165711544317
20718 17.845465495537
20719 17.1943339987236
20720 16.6655793683073
20721 16.2154915257304
20722 16.5715586128437
20723 16.5084011631154
20724 17.1502907774488
20725 15.1064432774937
20726 16.4688549328882
20727 16.3715535081442
20728 15.5869555193424
20729 15.0450507773203
20730 16.3250797324755
20731 17.7008602196301
20732 15.507708154915
20733 15.9520979130999
20734 15.6534602699777
20735 16.8924814417681
20736 16.808174310986
20737 17.5055336153365
20738 16.3892990423233
20739 15.6280772713851
20740 16.4430807163247
20741 15.990144892606
20742 15.4872381798063
20743 15.9812549700756
20744 15.018814476237
20745 17.1133301046372
20746 15.0403703761567
20747 15.3810336958897
20748 15.6825488950199
20749 16.4436925419678
20750 16.4673830255391
20751 15.5542970183844
20752 16.2744614766151
20753 15.8719347963254
20754 16.7349209653065
20755 16.2041270960371
20756 15.1611138712327
20757 15.9385317096123
20758 15.3061008255896
20759 16.8623568563274
20760 15.647799503185
20761 16.8826065444505
20762 16.3752644393259
20763 16.880536328679
20764 15.8093471424535
20765 17.9524056080333
20766 14.8126474571831
20767 16.7089809587961
20768 15.7253527110066
20769 16.1471424478646
20770 16.5207937290475
20771 18.1448063811825
20772 16.8651936967854
20773 16.8505117136518
20774 14.6729500413583
20775 16.9772886226432
20776 16.32495931188
20777 16.056138592313
20778 16.4084960940811
20779 15.9515919488045
20780 16.5551924735489
20781 16.2102476745201
20782 15.1366378791765
20783 15.7978785615747
20784 16.2533108459705
20785 16.7717004081965
20786 15.7823581628859
20787 17.6070366698216
20788 16.267582027436
20789 15.8547150888107
20790 16.459625104879
20791 17.7486859234251
20792 16.8259025221263
20793 16.731440367823
20794 16.458242705357
20795 15.9120158363775
20796 16.3961349712038
20797 15.6536950198255
20798 14.87038127182
20799 15.4540652063643
20800 15.5850226218518
20801 15.2345639881828
20802 16.0050839387769
20803 16.5467451553787
20804 15.5375367966957
20805 16.4193827157207
20806 16.8450349364855
20807 16.9348676568674
20808 15.3905942177033
20809 15.6799848149013
20810 16.40311793843
20811 16.6207635406153
20812 17.4998144727558
20813 16.4328294250831
20814 16.391152063145
20815 14.9468574009512
20816 17.4484390797896
20817 16.0868814422541
20818 15.9817907095129
20819 16.4734749801319
20820 16.0044955493146
20821 14.6530081874183
20822 15.1795449529687
20823 17.1006746224199
20824 16.1744852514129
20825 17.8858469562246
20826 16.5186621216383
20827 15.8286008127275
20828 16.8074939476265
20829 15.8815679729045
20830 16.2950195398553
20831 15.9076292307624
20832 15.5422083837108
20833 15.8579166503953
20834 15.8842650534275
20835 16.2973827087533
20836 15.8884679686506
20837 16.6786822340572
20838 16.4879348954006
20839 15.9575544241526
20840 16.3646839277303
20841 16.663939337372
20842 15.6515407143952
20843 17.6505583206926
20844 16.7064067848217
20845 16.3800593192505
20846 16.8526620749719
20847 16.2404535901725
20848 16.5586489206043
20849 16.990893030486
20850 15.990469755366
20851 14.7917016105715
20852 16.7053261689128
20853 16.7948748973918
20854 16.1723097870607
20855 17.2345374953007
20856 15.9200364540756
20857 16.8634874756876
20858 15.750380346307
20859 15.3300072122648
20860 16.0211766250493
20861 15.8979075251117
20862 15.7796896312023
20863 16.4880161728142
20864 16.126179085753
20865 16.7909095544566
20866 16.6000856249534
20867 16.8569188119669
20868 16.6103444253311
20869 15.4905979669129
20870 17.4610344849755
20871 17.7516264031332
20872 16.40136475562
20873 17.3142585672338
20874 16.4265731999095
20875 16.9264759096301
20876 16.1845519624683
20877 16.3550471984579
20878 15.9198504595716
20879 17.5224238619903
20880 16.3641988123351
20881 15.9941398994838
20882 16.0963822401653
20883 16.2944508520583
20884 16.0357497019397
20885 16.1677704121687
20886 16.9382441195845
20887 15.9911091292192
20888 15.773062622637
20889 16.9661954395947
20890 17.1400703622053
20891 16.1192649855157
20892 15.4935095826976
20893 16.3615151679866
20894 15.7419240446638
20895 16.4648474809986
20896 16.4258841256168
20897 15.6727909397848
20898 16.9393883655168
20899 17.9152367477903
20900 15.8297930097021
20901 16.1910696154619
20902 17.0648578098435
20903 16.1456997452579
20904 16.969709283994
20905 15.8988461921727
20906 15.7779569448428
20907 14.8819206620754
20908 15.8781929564418
20909 16.2098414338996
20910 16.3509472496287
20911 17.2783984343022
20912 16.5085694833674
20913 15.5523368406815
20914 16.4602888439626
20915 15.2533204830482
20916 16.0856019255968
20917 16.1811922213298
20918 17.2796784034091
20919 15.6399677063776
20920 16.2906796095516
20921 16.0457831513953
20922 16.3702059730823
20923 16.7360807866425
20924 15.9630524161981
20925 14.6252786369922
20926 14.6612555823036
20927 15.2557485360351
20928 15.6800480652466
20929 15.1396616096726
20930 16.9179345139735
20931 16.3830246470717
20932 16.6449784861538
20933 17.3652638608974
20934 16.4107259653375
20935 16.1511708928675
20936 16.855584487069
20937 16.4052332432226
20938 15.4697156743776
20939 16.7246099871438
20940 17.2090915409305
20941 16.4740945652104
20942 16.1645223887807
20943 17.9074097085568
20944 17.8238114968752
20945 16.5846729999226
20946 17.4029627113401
20947 17.0791504475238
20948 16.1282388200977
20949 15.7634848013613
20950 16.3142835170561
20951 15.7202372030918
20952 16.323367879024
20953 16.1315670280422
20954 16.1245316501701
20955 16.2880599620161
20956 17.5100392414716
20957 15.9689308667849
20958 15.8083383759593
20959 15.7114299991194
20960 15.3319321946282
20961 16.3228981243064
20962 17.2153794192729
20963 17.0490529176046
20964 15.89146438779
20965 15.898329091493
20966 15.4835060159997
20967 18.124799489356
20968 16.5526596791303
20969 15.9548178567726
20970 16.0431195083897
20971 16.2618938236804
20972 16.6867957138607
20973 17.1418606686195
20974 16.4906370268192
20975 15.1804972901878
20976 16.0463049381979
20977 16.6251301781384
20978 16.9918584351799
20979 16.8762163013049
20980 15.9680204224763
20981 16.8475619128332
20982 15.1054628915069
20983 16.3515093254393
20984 15.6695214539502
20985 16.4606043697431
20986 15.4042731892147
20987 16.5269030753781
20988 16.3354787971361
20989 17.1850314857661
20990 16.2107662579303
20991 15.0926492812386
20992 16.5563928250437
20993 15.6931112030628
20994 16.6497864056352
20995 16.295250370321
20996 15.112476481171
20997 17.4075125450891
20998 15.7489226195689
20999 15.8854631601247
21000 16.1295546607152
