20001 2
20002 2
20003 2
20004 2
20005 2
20006 2
20007 2
20008 2
20009 2
20010 2
20011 2
20012 2
20013 2
20014 2
20015 2
20016 2
20017 1
20018 2
20019 1
20020 1
20021 2
20022 1
20023 2
20024 1
20025 2
20026 2
20027 2
20028 1
20029 1
20030 2
20031 1
20032 1
20033 1
20034 1
20035 2
20036 1
20037 1
20038 2
20039 1
20040 1
20041 1
20042 1
20043 1
20044 2
20045 1
20046 2
20047 2
20048 2
20049 1
20050 1
20051 1
20052 1
20053 2
20054 2
20055 1
20056 2
20057 1
20058 1
20059 1
20060 2
20061 1
20062 2
20063 2
20064 1
20065 1
20066 2
20067 1
20068 2
20069 2
20070 2
20071 1
20072 1
20073 1
20074 1
20075 1
20076 1
20077 1
20078 1
20079 1
20080 1
20081 1
20082 1
20083 1
20084 1
20085 1
20086 2
20087 1
20088 1
20089 2
20090 1
20091 1
20092 1
20093 1
20094 2
20095 2
20096 1
20097 2
20098 1
20099 2
20100 2
20101 1
20102 1
20103 2
20104 2
20105 1
20106 2
20107 1
20108 2
20109 1
20110 1
20111 1
20112 2
20113 2
20114 1
20115 1
20116 2
20117 2
20118 1
20119 2
20120 2
20121 2
20122 2
20123 2
20124 2
20125 2
20126 1
20127 1
20128 1
20129 2
20130 1
20131 2
20132 1
20133 1
20134 1
20135 2
20136 1
20137 2
20138 2
20139 2
20140 2
20141 1
20142 1
20143 2
20144 2
20145 1
20146 1
20147 1
20148 2
20149 1
20150 2
20151 1
20152 2
20153 2
20154 2
20155 2
20156 2
20157 2
20158 1
20159 1
20160 2
20161 1
20162 2
20163 1
20164 1
20165 1
20166 2
20167 1
20168 2
20169 1
20170 1
20171 1
20172 1
20173 1
20174 1
20175 1
20176 2
20177 2
20178 2
20179 1
20180 1
20181 1
20182 1
20183 2
20184 1
20185 2
20186 1
20187 1
20188 2
20189 2
20190 1
20191 1
20192 1
20193 2
20194 1
20195 2
20196 2
20197 2
20198 2
20199 1
20200 1
20201 1
20202 1
20203 2
20204 1
20205 2
20206 1
20207 2
20208 1
20209 2
20210 2
20211 1
20212 2
20213 1
20214 1
20215 2
20216 2
20217 2
20218 1
20219 2
20220 2
20221 2
20222 2
20223 2
20224 1
20225 2
20226 1
20227 2
20228 1
20229 1
20230 1
20231 2
20232 2
20233 2
20234 1
20235 2
20236 2
20237 2
20238 2
20239 1
20240 2
20241 2
20242 2
20243 1
20244 2
20245 2
20246 1
20247 2
20248 2
20249 2
20250 1
20251 1
20252 2
20253 2
20254 1
20255 1
20256 2
20257 2
20258 2
20259 1
20260 2
20261 2
20262 2
20263 2
20264 1
20265 1
20266 2
20267 2
20268 1
20269 1
20270 1
20271 2
20272 1
20273 2
20274 1
20275 1
20276 1
20277 2
20278 1
20279 2
20280 1
20281 2
20282 1
20283 1
20284 2
20285 1
20286 1
20287 2
20288 1
20289 2
20290 1
20291 1
20292 2
20293 1
20294 1
20295 1
20296 1
20297 2
20298 2
20299 1
20300 2
20301 2
20302 1
20303 2
20304 2
20305 2
20306 2
20307 1
20308 1
20309 2
20310 1
20311 1
20312 2
20313 2
20314 1
20315 2
20316 2
20317 2
20318 1
20319 1
20320 2
20321 1
20322 1
20323 2
20324 1
20325 1
20326 1
20327 2
20328 2
20329 1
20330 2
20331 2
20332 2
20333 1
20334 1
20335 1
20336 2
20337 1
20338 1
20339 2
20340 2
20341 2
20342 2
20343 2
20344 2
20345 1
20346 2
20347 1
20348 2
20349 2
20350 1
20351 2
20352 1
20353 2
20354 1
20355 1
20356 1
20357 2
20358 2
20359 1
20360 2
20361 1
20362 2
20363 1
20364 2
20365 2
20366 2
20367 1
20368 1
20369 2
20370 2
20371 2
20372 2
20373 2
20374 2
20375 1
20376 1
20377 2
20378 2
20379 1
20380 2
20381 1
20382 2
20383 2
20384 2
20385 2
20386 2
20387 1
20388 1
20389 1
20390 2
20391 1
20392 2
20393 2
20394 2
20395 2
20396 2
20397 2
20398 1
20399 2
20400 2
20401 2
20402 2
20403 2
20404 2
20405 1
20406 1
20407 2
20408 2
20409 1
20410 1
20411 1
20412 2
20413 1
20414 1
20415 2
20416 1
20417 2
20418 1
20419 1
20420 1
20421 2
20422 2
20423 1
20424 1
20425 2
20426 2
20427 2
20428 1
20429 1
20430 1
20431 2
20432 1
20433 2
20434 2
20435 2
20436 2
20437 2
20438 1
20439 2
20440 1
20441 1
20442 2
20443 2
20444 2
20445 2
20446 2
20447 2
20448 1
20449 1
20450 1
20451 2
20452 2
20453 2
20454 2
20455 1
20456 2
20457 2
20458 2
20459 1
20460 1
20461 2
20462 1
20463 1
20464 1
20465 2
20466 1
20467 1
20468 1
20469 2
20470 2
20471 1
20472 2
20473 2
20474 1
20475 1
20476 2
20477 1
20478 1
20479 2
20480 1
20481 2
20482 1
20483 1
20484 2
20485 1
20486 1
20487 2
20488 2
20489 1
20490 1
20491 2
20492 1
20493 2
20494 2
20495 1
20496 2
20497 1
20498 2
20499 1
20500 2
20501 1
20502 1
20503 1
20504 2
20505 1
20506 2
20507 1
20508 1
20509 2
20510 1
20511 2
20512 1
20513 1
20514 2
20515 1
20516 2
20517 1
20518 2
20519 2
20520 1
20521 1
20522 1
20523 2
20524 2
20525 1
20526 1
20527 2
20528 2
20529 2
20530 2
20531 2
20532 2
20533 1
20534 2
20535 1
20536 1
20537 1
20538 1
20539 2
20540 1
20541 2
20542 1
20543 1
20544 2
20545 2
20546 1
20547 2
20548 2
20549 1
20550 1
20551 1
20552 2
20553 2
20554 1
20555 1
20556 1
20557 1
20558 1
20559 1
20560 1
20561 1
20562 2
20563 2
20564 2
20565 1
20566 2
20567 1
20568 2
20569 1
20570 1
20571 1
20572 2
20573 1
20574 1
20575 1
20576 1
20577 2
20578 1
20579 1
20580 1
20581 2
20582 1
20583 2
20584 1
20585 2
20586 1
20587 2
20588 1
20589 1
20590 2
20591 1
20592 2
20593 1
20594 1
20595 2
20596 1
20597 1
20598 1
20599 1
20600 2
20601 1
20602 2
20603 1
20604 1
20605 2
20606 1
20607 1
20608 1
20609 2
20610 1
20611 2
20612 1
20613 1
20614 2
20615 2
20616 1
20617 2
20618 1
20619 2
20620 1
20621 2
20622 1
20623 1
20624 2
20625 2
20626 2
20627 1
20628 1
20629 1
20630 1
20631 2
20632 1
20633 1
20634 1
20635 2
20636 1
20637 2
20638 2
20639 2
20640 2
20641 1
20642 1
20643 1
20644 1
20645 1
20646 2
20647 1
20648 1
20649 1
20650 2
20651 1
20652 1
20653 2
20654 2
20655 2
20656 2
20657 1
20658 2
20659 1
20660 2
20661 2
20662 2
20663 2
20664 1
20665 1
20666 2
20667 1
20668 2
20669 2
20670 2
20671 2
20672 1
20673 2
20674 1
20675 2
20676 2
20677 2
20678 2
20679 2
20680 2
20681 1
20682 2
20683 2
20684 2
20685 1
20686 1
20687 1
20688 1
20689 1
20690 1
20691 2
20692 2
20693 1
20694 2
20695 2
20696 2
20697 1
20698 1
20699 1
20700 2
20701 1
20702 1
20703 1
20704 1
20705 2
20706 2
20707 1
20708 1
20709 1
20710 1
20711 2
20712 1
20713 1
20714 1
20715 2
20716 2
20717 1
20718 2
20719 1
20720 1
20721 2
20722 2
20723 1
20724 2
20725 1
20726 1
20727 1
20728 2
20729 2
20730 1
20731 2
20732 2
20733 1
20734 2
20735 1
20736 2
20737 1
20738 1
20739 1
20740 1
20741 2
20742 1
20743 1
20744 2
20745 1
20746 1
20747 2
20748 1
20749 1
20750 1
20751 2
20752 2
20753 1
20754 1
20755 1
20756 2
20757 2
20758 1
20759 1
20760 1
20761 1
20762 2
20763 2
20764 2
20765 1
20766 1
20767 2
20768 2
20769 2
20770 2
20771 1
20772 1
20773 1
20774 1
20775 2
20776 1
20777 1
20778 2
20779 2
20780 2
20781 2
20782 1
20783 1
20784 2
20785 2
20786 1
20787 2
20788 1
20789 1
20790 2
20791 1
20792 1
20793 1
20794 1
20795 1
20796 1
20797 2
20798 2
20799 1
20800 1
20801 1
20802 2
20803 2
20804 1
20805 2
20806 1
20807 1
20808 1
20809 1
20810 1
20811 2
20812 1
20813 1
20814 2
20815 2
20816 1
20817 1
20818 2
20819 2
20820 1
20821 1
20822 1
20823 1
20824 2
20825 2
20826 2
20827 2
20828 1
20829 2
20830 1
20831 2
20832 1
20833 1
20834 1
20835 1
20836 1
20837 2
20838 2
20839 1
20840 1
20841 1
20842 1
20843 2
20844 2
20845 2
20846 2
20847 1
20848 2
20849 1
20850 2
20851 1
20852 2
20853 2
20854 1
20855 1
20856 2
20857 1
20858 2
20859 2
20860 2
20861 1
20862 1
20863 2
20864 2
20865 2
20866 2
20867 2
20868 2
20869 1
20870 2
20871 2
20872 2
20873 1
20874 2
20875 1
20876 2
20877 1
20878 1
20879 2
20880 2
20881 2
20882 1
20883 2
20884 2
20885 1
20886 1
20887 2
20888 2
20889 2
20890 2
20891 1
20892 1
20893 1
20894 2
20895 1
20896 2
20897 1
20898 2
20899 1
20900 2
20901 2
20902 1
20903 1
20904 2
20905 1
20906 2
20907 2
20908 2
20909 1
20910 1
20911 1
20912 2
20913 1
20914 1
20915 2
20916 1
20917 2
20918 1
20919 2
20920 2
20921 2
20922 1
20923 2
20924 1
20925 1
20926 2
20927 2
20928 2
20929 1
20930 2
20931 2
20932 1
20933 2
20934 2
20935 2
20936 1
20937 2
20938 2
20939 2
20940 1
20941 2
20942 2
20943 1
20944 2
20945 2
20946 1
20947 2
20948 1
20949 1
20950 2
20951 2
20952 1
20953 1
20954 1
20955 2
20956 1
20957 2
20958 2
20959 2
20960 2
20961 1
20962 1
20963 1
20964 2
20965 2
20966 2
20967 2
20968 2
20969 1
20970 2
20971 2
20972 1
20973 1
20974 1
20975 2
20976 1
20977 2
20978 2
20979 2
20980 2
20981 1
20982 2
20983 1
20984 2
20985 2
20986 1
20987 2
20988 2
20989 2
20990 2
20991 2
20992 1
20993 1
20994 1
20995 1
20996 1
20997 2
20998 2
20999 2
21000 1
