7401 13.8339427792931
7402 13.5864130816031
7403 12.8540774791012
7404 13.4864910904447
7405 13.2868949136706
7406 13.2672080475018
7407 13.3757018788149
7408 13.6135432439263
7409 13.9110060737554
7410 13.8066740237953
7411 13.5833426034816
7412 12.7577344422108
7413 13.2765167093295
7414 13.2651250687557
7415 12.8702411844979
7416 13.0869996714126
7417 13.7945962287376
7418 13.2091537615154
7419 14.2275166536761
7420 13.8223864676078
7421 13.2246376587156
7422 12.6587322100576
7423 12.7930543756627
7424 13.5567047147746
7425 13.0795163644956
7426 13.1099762278281
7427 12.9752752507836
7428 13.4481318982434
7429 13.1494392352741
7430 13.7328199917829
7431 12.7899439226627
7432 13.6056712588136
7433 13.5375694642485
7434 14.1124282386426
7435 13.215313114772
7436 13.2575602629812
7437 13.8509779755812
7438 13.2569619980848
7439 12.9394124113923
7440 13.3597054450756
7441 12.6091391395297
7442 13.5115081370349
7443 13.3505787566095
7444 13.6897701980957
7445 13.2151909770546
7446 12.7931508580088
7447 13.0476364480435
7448 14.0201535376651
7449 13.4103690115043
7450 13.7459432027914
7451 13.0956075393617
7452 13.3731182120703
7453 13.7616917663029
7454 13.4255490929717
7455 13.9366386244799
7456 13.2251879068869
7457 13.6416251147617
7458 13.2575393447849
7459 13.2754278259627
7460 13.0337030217507
7461 13.5438702042983
7462 13.1914383388921
7463 13.4964420451134
7464 13.781684010983
7465 13.4257819812973
7466 13.2035200194114
7467 13.8226293449021
7468 13.2178543335211
7469 13.3977887881374
7470 13.506411647726
7471 13.7947011734157
7472 13.5930875008002
7473 13.7552342770909
7474 13.2855369426903
7475 13.9133549326458
7476 14.3639177483114
7477 13.8474444142776
7478 13.3317223418213
7479 13.0871006850427
7480 13.3452526814396
7481 13.3861425915688
7482 13.8013285901635
7483 13.4873578168508
7484 13.7660013691468
7485 13.4141720843603
7486 13.5969499006468
7487 14.1420022945584
7488 13.2912822715578
7489 13.2765134776157
7490 13.6591075349086
7491 13.8388138230672
7492 12.6960274436811
7493 13.1774371993798
7494 13.3730173498922
7495 13.4237774104099
7496 12.8685695716716
7497 13.1978764545953
7498 12.8047904516791
7499 13.6379246173235
7500 13.2546855000725
7501 13.8958446483939
7502 12.9225992148115
7503 13.3567275525708
7504 13.5682522015969
7505 14.1814304339264
7506 12.8563691736948
7507 13.2786055935846
7508 13.2210742409995
7509 12.9293356600553
7510 13.1002503624363
7511 13.2305496884731
7512 13.2107883832024
7513 13.4670198461646
7514 13.3903647924378
7515 13.4475112210512
7516 12.8522770423869
7517 13.9198498647382
7518 13.7808065014963
7519 12.7894504908653
7520 13.9541933352168
7521 13.7924767721984
7522 13.57830448133
7523 13.4877034415256
7524 14.10798200088
7525 13.9662409336103
7526 13.9047913264037
7527 13.651838384145
7528 13.7196122346849
7529 13.3768209019313
7530 13.3186703352477
7531 13.6606954183811
7532 12.7501540314588
7533 13.3605287840622
7534 13.3638533194422
7535 13.4977229028441
7536 13.3659757318869
7537 12.7479690160297
7538 12.6354977371295
7539 13.2140432653712
7540 13.1846176549278
7541 13.0110049580755
7542 13.4585623986182
7543 12.987677629322
7544 13.000991235261
7545 13.524579918384
7546 13.6178837163683
7547 12.8366644016668
7548 12.9916759385902
7549 13.6839298395398
7550 13.5807405320896
7551 13.4788096919419
7552 13.3543766530153
7553 13.7347096731022
7554 14.0355526156054
7555 13.8877473915545
7556 13.0708581033715
7557 13.3512252462807
7558 12.7179940867925
7559 13.1415367286708
7560 12.9942297427198
7561 13.1173142182498
7562 13.764101156718
7563 13.0346440463102
7564 12.8890048584179
7565 13.2721991763833
7566 12.9247276304041
7567 13.4632871477887
7568 13.802653835486
7569 13.4040990522893
7570 12.8859060023618
7571 13.2383106625816
7572 13.5095208717238
7573 13.5565594041882
7574 13.5255521990706
7575 13.8041063608564
7576 13.4461179165528
7577 13.5121012502674
7578 13.2355293590671
7579 13.0350061373019
7580 13.0948366511386
7581 13.3571758850575
7582 13.3997253242424
7583 13.4070737263453
7584 13.1586525003419
7585 13.4936808952108
7586 13.3507721551334
7587 13.3345381280604
7588 12.9609002480473
7589 13.0316840295109
7590 13.4010978266135
7591 14.1264212040429
7592 13.2564370188435
7593 13.0559426525562
7594 13.4102160962985
7595 12.8624521178742
7596 12.9920701905008
7597 13.3243089740959
7598 13.0570791641765
7599 13.4834797206021
7600 13.7303918393725
7601 13.5987119148588
7602 13.8763762091061
7603 13.1789513807395
7604 13.0740095479096
7605 12.8151235374114
7606 13.0441222710064
7607 13.8046062972499
7608 14.0586674919164
7609 13.408012999581
7610 12.7046991910203
7611 13.1884228638663
7612 12.6461585791306
7613 13.4383231136188
7614 13.4155636712903
7615 13.2590472185354
7616 13.3878707300517
7617 12.6811794853867
7618 13.2307504871616
7619 13.4717784771879
7620 13.1255895201208
7621 13.4030299295008
7622 12.848821804883
7623 13.9652928908309
7624 12.5285432877722
7625 13.6480379864709
7626 13.3181989036886
7627 13.3820245066009
7628 13.4527176077301
7629 13.1585488769804
7630 13.1301489434108
7631 13.5183806434327
7632 13.467861179926
7633 13.7139261932159
7634 13.6507926442318
7635 13.3884238635086
7636 12.678564574702
7637 13.3957414347851
7638 13.6966909704605
7639 13.0919627187085
7640 14.148648735049
7641 13.3710542158614
7642 12.3749649001773
7643 13.1914933453172
7644 13.558402639164
7645 13.5854941035123
7646 13.6373547041298
7647 13.203476389575
7648 13.4097804851187
7649 13.5693363224592
7650 14.0453356722788
7651 13.0436822557098
7652 13.3152863853684
7653 13.6375061504408
7654 13.2995426961264
7655 13.4592819846768
7656 13.0996592823856
7657 12.6723344350288
7658 13.0116858062976
7659 13.7108755739183
7660 12.9659167462075
7661 13.967647327613
7662 12.8889971916252
7663 12.5146803350944
7664 13.0974489498213
7665 13.3624352176978
7666 13.3921089790959
7667 13.02355642376
7668 13.5076745978497
7669 13.6117721652419
7670 13.4748430550245
7671 13.1252480687289
7672 12.9663343298963
7673 13.2138419508699
7674 13.3995396565847
7675 13.4067955841488
7676 13.3228512956161
7677 12.940267834923
7678 13.3478144494147
7679 13.6951718747709
7680 13.1165692112561
7681 13.0556227741464
7682 13.3197678821729
7683 13.1747042055837
7684 13.6519825122471
7685 13.4618994500117
7686 13.2509381147563
7687 12.9422722010729
7688 13.5100511424333
7689 13.0650097191638
7690 13.2153057105078
7691 13.3065710164769
7692 12.9264753128774
7693 13.3969812946988
7694 13.3004238372937
7695 12.7484399839279
7696 12.9156809180553
7697 13.3961463847191
7698 13.1767612571805
7699 13.2186609236913
7700 13.3967473345052
7701 13.2543931964988
7702 12.5702356164582
7703 12.9296300127993
7704 12.9754583626961
7705 12.950448941745
7706 13.3861570295832
7707 13.1855561904369
7708 12.7841981588347
7709 12.8342165804557
7710 12.5336369565304
7711 13.1256025815224
7712 13.2509855032383
7713 13.12579735541
7714 13.0482762009585
7715 12.9659133084355
7716 12.9936134477568
7717 13.0495540316826
7718 12.5832495950029
7719 13.8083581139405
7720 13.0846593216436
7721 13.4581066257205
7722 13.1045652263015
7723 13.3755156639251
7724 12.8619960853304
7725 13.3643899221612
7726 12.9853047426313
7727 12.9118722558368
7728 12.9980311811735
7729 13.3240328484453
7730 13.2401485951218
7731 13.0005745463322
7732 12.9641266535111
7733 13.7690857782597
7734 13.0375889050479
7735 13.1369571737106
7736 13.1527069108874
7737 13.7773686475451
7738 13.6062387780594
7739 13.2747023743193
7740 12.4762841234783
7741 12.8946813168217
7742 13.3421186317741
7743 13.079509096508
7744 13.4637558954687
7745 12.8951154282387
7746 12.9971201974147
7747 13.3225502985106
7748 13.20272022559
7749 13.2354570042085
7750 13.5957105775894
7751 13.3985169955132
7752 13.4100000338056
7753 13.5248041955637
7754 13.206812548771
7755 13.9077242488856
7756 13.3241136147992
7757 12.8987742451469
7758 12.9540217889077
7759 12.5720083626624
7760 12.7559476022737
7761 13.9979689020823
7762 12.9942280718101
7763 13.236671590707
7764 13.314707905156
7765 13.1251775628359
7766 12.7160509294352
7767 13.3570743792751
7768 13.2942601366198
7769 13.2588069908759
7770 13.1940179782635
