264104 2
264105 1
264106 1
264107 2
264108 1
264109 2
264110 2
264111 2
264112 1
264113 2
264114 1
264115 1
264116 2
264117 1
264118 2
264119 2
264120 2
264121 2
264122 2
264123 1
264124 2
264125 2
264126 2
264127 1
264128 2
264129 2
264130 2
264131 2
264132 2
264133 2
264134 1
264135 1
264136 1
264137 2
264138 1
264139 2
264140 1
264141 1
264142 1
264143 2
264144 1
264145 2
264146 1
264147 1
264148 1
264149 1
264150 1
264151 1
264152 2
264153 1
264154 1
264155 2
264156 1
264157 1
264158 2
264159 2
264160 2
264161 2
264162 1
264163 2
264164 1
264165 2
264166 2
264167 1
264168 2
264169 1
264170 2
264171 1
264172 1
264173 2
264174 2
264175 2
264176 1
264177 2
264178 2
264179 2
264180 1
264181 1
264182 1
264183 1
264184 2
264185 2
264186 1
264187 1
264188 1
264189 1
264190 1
264191 2
264192 1
264193 1
264194 1
264195 1
264196 1
264197 1
264198 2
264199 2
264200 2
264201 2
264202 1
264203 2
264204 2
264205 2
264206 1
264207 2
264208 1
264209 2
264210 2
264211 1
264212 2
264213 2
264214 2
264215 1
264216 1
264217 1
264218 1
264219 2
264220 1
264221 1
264222 2
264223 1
264224 2
264225 2
264226 2
264227 1
264228 1
264229 1
264230 1
264231 1
264232 1
264233 1
264234 1
264235 1
264236 2
264237 1
264238 2
264239 2
264240 1
264241 1
264242 2
264243 2
264244 2
264245 1
264246 1
264247 2
264248 2
264249 1
264250 2
264251 1
264252 2
264253 2
264254 2
264255 2
264256 2
264257 2
264258 2
264259 2
264260 2
264261 2
264262 1
264263 1
264264 1
264265 2
264266 2
264267 2
264268 2
264269 1
264270 1
264271 1
264272 1
264273 2
264274 2
264275 2
264276 1
264277 1
264278 2
264279 1
264280 2
264281 1
264282 1
264283 2
264284 2
264285 1
264286 1
264287 1
264288 1
264289 1
264290 1
264291 1
264292 2
264293 2
264294 1
264295 1
264296 2
264297 1
264298 1
264299 1
264300 2
264301 1
264302 2
264303 2
264304 2
264305 1
264306 1
264307 1
264308 1
264309 2
264310 2
264311 2
264312 2
264313 2
264314 2
264315 2
264316 1
264317 2
264318 1
264319 1
264320 2
264321 2
264322 2
264323 2
264324 1
264325 1
264326 1
264327 1
264328 2
264329 1
264330 1
264331 1
264332 2
264333 1
264334 2
264335 2
264336 1
264337 2
264338 1
264339 1
264340 2
264341 1
264342 1
264343 1
264344 2
264345 1
264346 2
264347 2
264348 1
264349 2
264350 1
264351 1
264352 2
264353 2
264354 2
264355 2
264356 1
264357 2
264358 1
264359 1
264360 2
264361 1
264362 1
264363 2
264364 2
264365 1
264366 2
264367 1
264368 1
264369 1
264370 2
264371 1
264372 2
264373 1
264374 1
264375 1
264376 1
264377 1
264378 2
264379 2
264380 1
264381 2
264382 2
264383 2
264384 2
264385 2
264386 2
264387 1
264388 2
264389 1
264390 1
264391 2
264392 1
264393 1
264394 2
264395 2
264396 1
264397 2
264398 1
264399 2
264400 1
264401 1
264402 2
264403 1
264404 1
264405 2
264406 1
264407 2
264408 1
264409 2
264410 1
264411 2
264412 1
264413 1
264414 2
264415 2
264416 2
264417 2
264418 2
264419 2
264420 2
264421 1
264422 1
264423 2
244783 1
244785 2
244775 2
244826 2
244811 2
244838 2
203267 2
243636 2
249669 2
249688 2
244759 2
249656 2
216349 1
244821 1
244805 2
244802 2
243524 2
244795 1
244812 2
244793 1
247693 1
244774 2
244842 2
249698 2
249671 2
244757 2
249721 2
243606 1
226887 1
244799 1
243632 2
244839 2
225895 2
251091 1
244832 2
244809 2
243553 2
244815 1
244819 2
244767 2
251130 2
243563 1
244835 2
249676 2
249670 1
244768 1
244824 2
249730 1
244818 2
249720 1
